 0.0000000000     1.4785812150192756
 0.0034196386     1.4779309984481925
 0.0068392772     1.4772748699671965
 0.0102589158     1.4766128253432864
 0.0136785544     1.4759448603108971
 0.0170981921     1.4752709705723346
 0.0205178298     1.4745911517982142
 0.0239374675     1.4739053996279048
 0.0273571052     1.4732137096699733
 0.0307767428     1.4725160775026356
 0.0341963805     1.4718124986742087
 0.0376160182     1.4711029687035677
 0.0410356559     1.4703874830806070
 0.0444552936     1.4696660372667023
 0.0478749312     1.4689386266951798
 0.0512945689     1.4682052467717850
 0.0547142066     1.4674658928751567
 0.0581338443     1.4667205603573064
 0.0615534820     1.4659692445440964
 0.0649731234     1.4652119407357265
 0.0683927611     1.4644486442072187
 0.0718123987     1.4636793502089098
 0.0752320364     1.4629040539669453
 0.0786516741     1.4621227506837762
 0.0820713118     1.4613354355386594
 0.0854909495     1.4605421036881616
 0.0889105871     1.4597427502666667
 0.0923302248     1.4589373703868853
 0.0957498625     1.4581259591403688
 0.0991695002     1.4573085115980240
 0.1025891379     1.4564850228106347
 0.1060087755     1.4556554878093837
 0.1094284132     1.4548199016063772
 0.1128480509     1.4539782591951758
 0.1162676886     1.4531305555513230
 0.1196873263     1.4522767856328844
 0.1231069639     1.4514169443809806
 0.1265266091     1.4505510267203312
 0.1299462467     1.4496790275597964
 0.1333658844     1.4488009417929253
 0.1367855221     1.4479167642985036
 0.1402051598     1.4470264899411061
 0.1436247975     1.4461301135716524
 0.1470444351     1.4452276300279638
 0.1504640728     1.4443190341353254
 0.1538837105     1.4434043207070473
 0.1573033482     1.4424834845450323
 0.1607229859     1.4415565204403440
 0.1641426235     1.4406234231737791
 0.1675622612     1.4396841875164395
 0.1709818989     1.4387388082303119
 0.1744015366     1.4377872800688447
 0.1778211743     1.4368295977775312
 0.1812408119     1.4358657560944936
 0.1846604496     1.4348957497510701
 0.1880800873     1.4339195734724051
 0.1914997250     1.4329372219780394
 0.1949193627     1.4319486899825067
 0.1983390003     1.4309539721959297
 0.2017586380     1.4299530633246185
 0.2051782757     1.4289459580716732
 0.2085979134     1.4279326511375880
 0.2120175511     1.4269131372208563
 0.2154371887     1.4258874110185809
 0.2188568264     1.4248554672270837
 0.2222764641     1.4238173005425190
 0.2256961018     1.4227729056614891
 0.2291157395     1.4217222772816620
 0.2325353771     1.4206654101023899
 0.2359550148     1.4196022988253321
 0.2393746525     1.4185329381550784
 0.2427942902     1.4174573227997753
 0.2462139279     1.4163754474717538
 0.2496335655     1.4152873068881595
 0.2530532181     1.4141928957715844
 0.2564728558     1.4130922088507010
 0.2598924935     1.4119852408608982
 0.2633121312     1.4108719865449197
 0.2667317688     1.4097524406535027
 0.2701514065     1.4086265979460193
 0.2735710442     1.4074944531911218
 0.2769906819     1.4063560011673850
 0.2804103196     1.4052112366639564
 0.2838299572     1.4040601544812015
 0.2872495949     1.4029027494313562
 0.2906692326     1.4017390163391792
 0.2940888703     1.4005689500426040
 0.2975085080     1.3993925453933960
 0.3009281456     1.3982097972578078
 0.3043477833     1.3970207005172388
 0.3077674210     1.3958252500688957
 0.3111870587     1.3946234408264517
 0.3146066964     1.3934152677207123
 0.3180263340     1.3922007257002780
 0.3214459717     1.3909798097322108
 0.3248656094     1.3897525148027010
 0.3282852471     1.3885188359177363
 0.3317048848     1.3872787681037719
 0.3351245224     1.3860323064084010
 0.3385441601     1.3847794459010285
 0.3419637978     1.3835201816735427
 0.3453834355     1.3822545088409925
 0.3488030732     1.3809824225422622
 0.3522227108     1.3797039179407495
 0.3556423485     1.3784189902250437
 0.3590619862     1.3771276346096046
 0.3624816239     1.3758298463354435
 0.3659012616     1.3745256206708054
 0.3693208992     1.3732149529118507
 0.3727405369     1.3718978383833393
 0.3761601746     1.3705742724393142
 0.3795798123     1.3692442504637883
 0.3829994500     1.3679077678714295
 0.3864190876     1.3665648201082483
 0.3898387253     1.3652154026522860
 0.3932583630     1.3638595110143028
 0.3966780007     1.3624971407384669
 0.4000976384     1.3611282874030470
 0.4035172760     1.3597529466210996
 0.4069369137     1.3583711140411636
 0.4103565514     1.3569827853479512
 0.4137761891     1.3555879562630406
 0.4171958268     1.3541866225455697
 0.4206154644     1.3527787799929289
 0.4240351021     1.3513644244414582
 0.4274547398     1.3499435517671383
 0.4308743775     1.3485161578862890
 0.4342940152     1.3470822387562631
 0.4377136528     1.3456417903761433
 0.4411332905     1.3441948087874387
 0.4445529282     1.3427412900747806
 0.4479725659     1.3412812303666211
 0.4513922036     1.3398146258359283
 0.4548118412     1.3383414727008858
 0.4582314789     1.3368617672255896
 0.4616511166     1.3353755057207455
 0.4650707543     1.3338826845443681
 0.4684903920     1.3323833001024776
 0.4719100296     1.3308773488497998
 0.4753296673     1.3293648272904615
 0.4787493050     1.3278457319786923
 0.4821689427     1.3263200595195190
 0.4855885804     1.3247878065694665
 0.4890082181     1.3232489698372552
 0.4924278557     1.3217035460844970
 0.4958474934     1.3201515321263961
 0.4992671311     1.3185929248324437
 0.5026867986     1.3170277211271180
 0.5061064363     1.3154559179905776
 0.5095260739     1.3138775124593631
 0.5129457116     1.3122925016270890
 0.5163653493     1.3107008826451430
 0.5197849870     1.3091026527233793
 0.5232046247     1.3074978091308167
 0.5266242623     1.3058863491963308
 0.5300439000     1.3042682703093500
 0.5334635377     1.3026435699205492
 0.5368831754     1.3010122455425424
 0.5403028131     1.2993742947505764
 0.5437224507     1.2977297151832228
 0.5471420884     1.2960785045430692
 0.5505617261     1.2944206605974107
 0.5539813638     1.2927561811789392
 0.5574010015     1.2910850641864342
 0.5608206391     1.2894073075854502
 0.5642402768     1.2877229094090055
 0.5676599145     1.2860318677582694
 0.5710795522     1.2843341808032473
 0.5744991899     1.2826298467834676
 0.5779188275     1.2809188640086653
 0.5813384652     1.2792012308594658
 0.5847581029     1.2774769457880664
 0.5881777406     1.2757460073189202
 0.5915973783     1.2740084140494139
 0.5950170159     1.2722641646505490
 0.5984366536     1.2705132578676197
 0.6018562913     1.2687556925208892
 0.6052759290     1.2669914675062670
 0.6086955667     1.2652205817959823
 0.6121152043     1.2634430344392591
 0.6155348420     1.2616588245629874
 0.6189544797     1.2598679513723949
 0.6223741174     1.2580704141517149
 0.6257937551     1.2562662122648578
 0.6292133927     1.2544553451560752
 0.6326330304     1.2526378123506265
 0.6360526681     1.2508136134554433
 0.6394723058     1.2489827481597908
 0.6428919435     1.2471452162359311
 0.6463115811     1.2453010175397796
 0.6497312188     1.2434501520115657
 0.6531508565     1.2415926196764877
 0.6565704942     1.2397284206453678
 0.6599901319     1.2378575551153057
 0.6634097695     1.2359800233703284
 0.6668294072     1.2340958257820422
 0.6702490449     1.2322049628102782
 0.6736686826     1.2303074350037400
 0.6770883203     1.2284032430006468
 0.6805079579     1.2264923875293765
 0.6839275956     1.2245748694091065
 0.6873472333     1.2226506895504512
 0.6907668710     1.2207198489561000
 0.6941865087     1.2187823487214500
 0.6976061463     1.2168381900352412
 0.7010257840     1.2148873741801856
 0.7044454217     1.2129299025335958
 0.7078650594     1.2109657765680120
 0.7112846971     1.2089949978518257
 0.7147043347     1.2070175680499036
 0.7181239724     1.2050334889242045
 0.7215436101     1.2030427623344013
 0.7249632478     1.2010453902384923
 0.7283828855     1.1990413746934174
 0.7318025231     1.1970307178556685
 0.7352221608     1.1950134219818973
 0.7386417985     1.1929894894295225
 0.7420614362     1.1909589226573336
 0.7454810739     1.1889217242260919
 0.7489007115     1.1868778967991300
 0.7523203492     1.1848274431429484
 0.7557399869     1.1827703661278097
 0.7591596246     1.1807066687283294
 0.7625792623     1.1786363540240656
 0.7659988999     1.1765594252001053
 0.7694185376     1.1744758855476478
 0.7728381753     1.1723857384645866
 0.7762578130     1.1702889874560867
 0.7796774507     1.1681856361351608
 0.7830970883     1.1660756882232428
 0.7865167260     1.1639591475507576
 0.7899363637     1.1618360180576888
 0.7933560014     1.1597063037941422
 0.7967756391     1.1575700089209093
 0.8001952767     1.1554271377100251
 0.8036149144     1.1532776945453245
 0.8070345521     1.1511216839229945
 0.8104541898     1.1489591104521262
 0.8138738275     1.1467899788552596
 0.8172934651     1.1446142939689292
 0.8207131028     1.1424320607442049
 0.8241327405     1.1402432842472299
 0.8275523782     1.1380479696597545
 0.8309720159     1.1358461222796703
 0.8343916535     1.1336377475215362
 0.8378112912     1.1314228509171054
 0.8412309289     1.1292014381158475
 0.8446505666     1.1269735148854669
 0.8480702043     1.1247390871124192
 0.8514898419     1.1224981608024236
 0.8549094796     1.1202507420809715
 0.8583291173     1.1179968371938329
 0.8617487550     1.1157364525075593
 0.8651683927     1.1134695945099815
 0.8685880303     1.1111962698107061
 0.8720076680     1.1089164851416080
 0.8754273057     1.1066302473573189
 0.8788469434     1.1043375634357122
 0.8822665811     1.1020384404783852
 0.8856862187     1.0997328857111379
 0.8891058564     1.0974209064844465
 0.8925254941     1.0951025102739347
 0.8959451318     1.0927777046808420
 0.8993647695     1.0904464974324877
 0.9027844071     1.0881088963827295
 0.9062040448     1.0857649095124213
 0.9096236825     1.0834145449298658
 0.9130433202     1.0810578108712632
 0.9164629579     1.0786947157011568
 0.9198825955     1.0763252679128745
 0.9233022332     1.0739494761289663
 0.9267218709     1.0715673491016382
 0.9301415086     1.0691788957131818
 0.9335611463     1.0667841249764023
 0.9369807839     1.0643830460350379
 0.9404004216     1.0619756681641808
 0.9438200593     1.0595620007706892
 0.9472396970     1.0571420533935998
 0.9506593347     1.0547158357045325
 0.9540789723     1.0522833575080941
 0.9574986100     1.0498446287422758
 0.9609182477     1.0473996594788484
 0.9643378854     1.0449484599237508
 0.9677575231     1.0424910404174783
 0.9711771607     1.0400274114354633
 0.9745967984     1.0375575835884530
 0.9780164361     1.0350815676228837
 0.9814360738     1.0325993744212503
 0.9848557115     1.0301110150024706
 0.9882753491     1.0276165005222482
 0.9916949868     1.0251158422734268
 0.9951146245     1.0226090516863451
 0.9985342622     1.0200961403291839
 1.0019539595     1.0175771199083097
 1.0053735971     1.0150520022686151
 1.0087932348     1.0125207993938534
 1.0122128725     1.0099835234069698
 1.0156325102     1.0074401865704274
 1.0190521479     1.0048908012865305
 1.0224717855     1.0023353800977404
 1.0258914232     0.9997739356869896
 1.0293110609     0.9972064808779906
 1.0327306986     0.9946330286355398
 1.0361503363     0.9920535920658168
 1.0395699739     0.9894681844166806
 1.0429896116     0.9868768190779592
 1.0464092493     0.9842795095817359
 1.0498288870     0.9816762696026313
 1.0532485247     0.9790671129580796
 1.0566681623     0.9764520536086004
 1.0600878000     0.9738311056580677
 1.0635074377     0.9712042833539718
 1.0669270754     0.9685716010876775
 1.0703467131     0.9659330733946780
 1.0737663507     0.9632887149548446
 1.0771859884     0.9606385405926685
 1.0806056261     0.9579825652775031
 1.0840252638     0.9553208041237968
 1.0874449015     0.9526532723913235
 1.0908645391     0.9499799854854072
 1.0942841768     0.9473009589571427
 1.0977038145     0.9446162085036119
 1.1011234522     0.9419257499680926
 1.1045430899     0.9392295993402660
 1.1079627275     0.9365277727564159
 1.1113823652     0.9338202864996268
 1.1148020029     0.9311071569999732
 1.1182216406     0.9283884008347070
 1.1216412783     0.9256640347284383
 1.1250609159     0.9229340755533118
 1.1284805536     0.9201985403291782
 1.1319001913     0.9174574462237606
 1.1353198290     0.9147108105528161
 1.1387394667     0.9119586507802923
 1.1421591043     0.9092009845184783
 1.1455787420     0.9064378295281519
 1.1489983797     0.9036692037187201
 1.1524180174     0.9008951251483559
 1.1558376551     0.8981156120241295
 1.1592572927     0.8953306827021350
 1.1626769304     0.8925403556876104
 1.1660965681     0.8897446496350543
 1.1695162058     0.8869435833483372
 1.1729358435     0.8841371757808062
 1.1763554811     0.8813254460353867
 1.1797751188     0.8785084133646772
 1.1831947565     0.8756860971710401
 1.1866143942     0.8728585170066858
 1.1900340319     0.8700256925737548
 1.1934536695     0.8671876437243902
 1.1968733072     0.8643443904608085
 1.2002929449     0.8614959529353641
 1.2037125826     0.8586423514506074
 1.2071322203     0.8557836064593407
 1.2105518579     0.8529197385646643
 1.2139714956     0.8500507685200225
 1.2173911333     0.8471767172292390
 1.2208107710     0.8442976057465533
 1.2242304087     0.8414134552766449
 1.2276500463     0.8385242871746577
 1.2310696840     0.8356301229462162
 1.2344893217     0.8327309842474382
 1.2379089594     0.8298268928849397
 1.2413285971     0.8269178708158376
 1.2447482347     0.8240039401477441
 1.2481678724     0.8210851231387587
 1.2515875101     0.8181614421974512
 1.2550071478     0.8152329198828436
 1.2584267855     0.8122995789043832
 1.2618464231     0.8093614421219120
 1.2652660608     0.8064185325456306
 1.2686856985     0.8034708733360559
 1.2721053362     0.8005184878039746
 1.2755249739     0.7975613994103903
 1.2789446115     0.7945996317664659
 1.2823642492     0.7916332086334603
 1.2857838869     0.7886621539226594
 1.2892035246     0.7856864916953024
 1.2926231623     0.7827062461625022
 1.2960427999     0.7797214416851601
 1.2994624376     0.7767321027738761
 1.3028820753     0.7737382540888524
 1.3063017130     0.7707399204397929
 1.3097213507     0.7677371267857955
 1.3131409883     0.7647298982352417
 1.3165606260     0.7617182600456773
 1.3199802637     0.7587022376236903
 1.3233999014     0.7556818565247825
 1.3268195391     0.7526571424532347
 1.3302391768     0.7496281212619691
 1.3336588144     0.7465948189524025
 1.3370784521     0.7435572616742978
 1.3404980898     0.7405154757256065
 1.3439177275     0.7374694875523091
 1.3473373652     0.7344193237482477
 1.3507570028     0.7313650110549532
 1.3541766405     0.7283065763614692
 1.3575962782     0.7252440467041675
 1.3610159159     0.7221774492665605
 1.3644355536     0.7191068113791067
 1.3678551912     0.7160321605190108
 1.3712748289     0.7129535243100200
 1.3746944666     0.7098709305222120
 1.3781141043     0.7067844070717804
 1.3815337420     0.7036939820208123
 1.3849533796     0.7005996835770618
 1.3883730173     0.6975015400937179
 1.3917926550     0.6943995800691666
 1.3952122927     0.6912938321467468
 1.3986319304     0.6881843251145030
 1.4020515680     0.6850710879049295
 1.4054712057     0.6819541495947120
 1.4088908434     0.6788335394044616
 1.4123104811     0.6757092866984447
 1.4157301188     0.6725814209843064
 1.4191497564     0.6694499719127894
 1.4225693941     0.6663149692774473
 1.4259890318     0.6631764430143507
 1.4294086695     0.6600344232017912
 1.4328283072     0.6568889400599769
 1.4362479448     0.6537400239507241
 1.4396675825     0.6505877053771421
 1.4430872202     0.6474320149833155
 1.4465068579     0.6442729835539771
 1.4499264956     0.6411106420141788
 1.4533461332     0.6379450214289548
 1.4567657709     0.6347761530029810
 1.4601854086     0.6316040680802271
 1.4636050463     0.6284287981436060
 1.4670246840     0.6252503748146153
 1.4704443216     0.6220688298529742
 1.4738639593     0.6188841951562558
 1.4772835970     0.6156965027595128
 1.4807032347     0.6125057848348994
 1.4841228724     0.6093120736912850
 1.4875425100     0.6061154017738666
 1.4909621477     0.6029158016637720
 1.4943817854     0.5997133060776598
 1.4978014231     0.5965079478673142
 1.5012210608     0.5932997600192321
 1.5046406984     0.5900887756542086
 1.5080603361     0.5868750280269138
 1.5114799738     0.5836585505254664
 1.5148996115     0.5804393766710005
 1.5183192492     0.5772175401172286
 1.5217388868     0.5739930746499982
 1.5251585245     0.5707660141868433
 1.5285781622     0.5675363927765316
 1.5319977999     0.5643042445986050
 1.5354174376     0.5610696039629154
 1.5388370752     0.5578325053091562
 1.5422567129     0.5545929832063869
 1.5456763506     0.5513510723525541
 1.5490959883     0.5481068075740059
 1.5525156260     0.5448602238250018
 1.5559352636     0.5416113561872181
 1.5593549013     0.5383602398692469
 1.5627745390     0.5351069102060896
 1.5661941767     0.5318514026586478
 1.5696138144     0.5285937528132059
 1.5730334520     0.5253339963809105
 1.5764530897     0.5220721691972445
 1.5798727274     0.5188083072214952
 1.5832923651     0.5155424465362179
 1.5867120028     0.5122746233466955
 1.5901316404     0.5090048739803903
 1.5935512781     0.5057332348863931
 1.5969709158     0.5024597426348676
 1.6003905535     0.4991844339164865
 1.6038101912     0.4959073455418671
 1.6072298288     0.4926285144409980
 1.6106494665     0.4893479776626628
 1.6140691042     0.4860657723738591
 1.6174887419     0.4827819358592110
 1.6209083796     0.4794965055203781
 1.6243280172     0.4762095188754585
 1.6277476549     0.4729210135583882
 1.6311672926     0.4696310273183338
 1.6345869303     0.4663395980190824
 1.6380065680     0.4630467636384241
 1.6414262056     0.4597525622675326
 1.6448458433     0.4564570321103386
 1.6482654810     0.4531602114828993
 1.6516851187     0.4498621388127629
 1.6551047564     0.4465628526383293
 1.6585243940     0.4432623916082037
 1.6619440317     0.4399607944805483
 1.6653636694     0.4366581001224267
 1.6687833071     0.4333543475091457
 1.6722029448     0.4300495757235910
 1.6756225824     0.4267438239555583
 1.6790422201     0.4234371315010806
 1.6824618578     0.4201295377617502
 1.6858814955     0.4168210822440363
 1.6893011332     0.4135118045585972
 1.6927207708     0.4102017444195892
 1.6961404085     0.4068909416439707
 1.6995600462     0.4035794361508001
 1.7029796839     0.4002672679605312
 1.7063993216     0.3969544771943036
 1.7098189592     0.3936411040732273
 1.7132385969     0.3903271889176643
 1.7166582346     0.3870127721465056
 1.7200778723     0.3836978942764425
 1.7234975100     0.3803825959212352
 1.7269171476     0.3770669177909753
 1.7303367853     0.3737509006913456
 1.7337564230     0.3704345855228741
 1.7371760607     0.3671180132801842
 1.7405956984     0.3638012250512415
 1.7440153360     0.3604842620165941
 1.7474349737     0.3571671654486111
 1.7508546114     0.3538499767107147
 1.7542742491     0.3505327372566102
 1.7576938868     0.3472154886295093
 1.7611135244     0.3438982724613518
 1.7645331621     0.3405811304720207
 1.7679527998     0.3372641044685554
 1.7713724375     0.3339472363443591
 1.7747920752     0.3306305680784021
 1.7782117128     0.3273141417344231
 1.7816313505     0.3239979994601236
 1.7850509882     0.3206821834863602
 1.7884706259     0.3173667361263319
 1.7918902636     0.3140516997747645
 1.7953099012     0.3107371169070896
 1.7987295389     0.3074230300786205
 1.8021491766     0.3041094819237244
 1.8055688143     0.3007965151549903
 1.8089884520     0.2974841725623928
 1.8124080896     0.2941724970124525
 1.8158277273     0.2908615314473925
 1.8192473650     0.2875513188842909
 1.8226670027     0.2842419024142296
 1.8260866404     0.2809333252014399
 1.8295062780     0.2776256304824432
 1.8329259157     0.2743188615651886
 1.8363455534     0.2710130618281882
 1.8397651911     0.2677082747196454
 1.8431848288     0.2644045437565836
 1.8466044664     0.2611019125239679
 1.8500241041     0.2578004246738254
 1.8534437418     0.2545001239243613
 1.8568633795     0.2512010540590705
 1.8602830172     0.2479032589258480
 1.8637026548     0.2446067824360930
 1.8671222925     0.2413116685638120
 1.8705419302     0.2380179613447170
 1.8739615679     0.2347257048753210
 1.8773812056     0.2314349433120294
 1.8808008432     0.2281457208702300
 1.8842204809     0.2248580818233766
 1.8876401186     0.2215720705020716
 1.8910597563     0.2182877312931457
 1.8944793940     0.2150051086387320
 1.8978990316     0.2117242470353394
 1.9013186693     0.2084451910329209
 1.9047383070     0.2051679852339408
 1.9081579447     0.2018926742924363
 1.9115775824     0.1986193029130785
 1.9149972200     0.1953479158502284
 1.9184168577     0.1920785579069911
 1.9218364954     0.1888112739342663
 1.9252561331     0.1855461088297964
 1.9286757708     0.1822831075372112
 1.9320954084     0.1790223150450696
 1.9355150461     0.1757637763858991
 1.9389346838     0.1725075366352319
 1.9423543215     0.1692536409106378
 1.9457739592     0.1660021343707559
 1.9491935968     0.1627530622143212
 1.9526132345     0.1595064696791906
 1.9560328722     0.1562624020413644
 1.9594525099     0.1530209046140076
 1.9628721476     0.1497820227464650
 1.9662917852     0.1465458018232773
 1.9697114229     0.1433122872631919
 1.9731310606     0.1400815245181729
 1.9765506983     0.1368535590724076
 1.9799703360     0.1336284364413109
 1.9833899736     0.1304062021705272
 1.9868096113     0.1271869018349296
 1.9902292490     0.1239705810376177
 1.9936488867     0.1207572854089108
 1.9970685244     0.1175470606053417
 2.0004882812     0.1143399523086460
 2.0039079189     0.1111360062247500
 2.0073275566     0.1079352680827558
 2.0107471943     0.1047377836339255
 2.0141668320     0.1015435986506614
 2.0175864697     0.0983527589254856
 2.0210061073     0.0951653102700161
 2.0244257450     0.0919812985139427
 2.0278453827     0.0888007695039985
 2.0312650204     0.0856237691029315
 2.0346846581     0.0824503431884727
 2.0381042957     0.0792805376523029
 2.0415239334     0.0761143983990185
 2.0449435711     0.0729519713450927
 2.0483632088     0.0697933024178382
 2.0517828465     0.0666384375543654
 2.0552024841     0.0634874227005405
 2.0586221218     0.0603403038099406
 2.0620417595     0.0571971268428081
 2.0654613972     0.0540579377650031
 2.0688810349     0.0509227825469535
 2.0723006725     0.0477917071626044
 2.0757203102     0.0446647575883652
 2.0791399479     0.0415419798020559
 2.0825595856     0.0384234197818508
 2.0859792233     0.0353091235052215
 2.0893988609     0.0321991369478788
 2.0928184986     0.0290935060827116
 2.0962381363     0.0259922768787263
 2.0996577740     0.0228954952999836
 2.1030774117     0.0198032073045340
 2.1064970493     0.0167154588433532
 2.1099166870     0.0136322958592749
 2.1133363247     0.0105537642859224
 2.1167559624     0.0074799100466401
 2.1201756001     0.0044107790534230
 2.1235952377     0.0013464172058453
 2.1270148754    -0.0017131296100121
 2.1304345131    -0.0047678155226353
 2.1338541508    -0.0078175946761516
 2.1372737885    -0.0108624212314057
 2.1406934261    -0.0139022493670354
 2.1441130638    -0.0169370332805501
 2.1475327015    -0.0199667271894077
 2.1509523392    -0.0229912853320958
 2.1543719769    -0.0260106619692089
 2.1577916145    -0.0290248113845322
 2.1612112522    -0.0320336878861207
 2.1646308899    -0.0350372458073825
 2.1680505276    -0.0380354395081623
 2.1714701653    -0.0410282233758232
 2.1748898029    -0.0440155518263325
 2.1783094406    -0.0469973793053453
 2.1817290783    -0.0499736602892905
 2.1851487160    -0.0529443492864563
 2.1885683537    -0.0559094008380759
 2.1919879913    -0.0588687695194151
 2.1954076290    -0.0618224099408589
 2.1988272667    -0.0647702767489985
 2.2022469044    -0.0677123246277191
 2.2056665421    -0.0706485082992891
 2.2090861797    -0.0735787825254469
 2.2125058174    -0.0765031021084901
 2.2159254551    -0.0794214218923638
 2.2193450928    -0.0823336967637501
 2.2227647305    -0.0852398816531564
 2.2261843681    -0.0881399315360050
 2.2296040058    -0.0910338014337212
 2.2330236435    -0.0939214464148236
 2.2364432812    -0.0968028215960123
 2.2398629189    -0.0996778821432582
 2.2432825565    -0.1025465832728920
 2.2467021942    -0.1054088802526925
 2.2501218319    -0.1082647284029760
 2.2535414696    -0.1111140830976837
 2.2569611073    -0.1139568997654705
 2.2603807449    -0.1167931338907934
 2.2638003826    -0.1196227410149973
 2.2672200203    -0.1224456767374041
 2.2706396580    -0.1252618967163988
 2.2740592957    -0.1280713566705153
 2.2774789333    -0.1308740123795238
 2.2808985710    -0.1336698196855149
 2.2843182087    -0.1364587344939855
 2.2877378464    -0.1392407127749227
 2.2911574841    -0.1420157105638880
 2.2945771217    -0.1447836839630999
 2.2979967594    -0.1475445891425172
 2.3014163971    -0.1502983823409203
 2.3048360348    -0.1530450198669926
 2.3082556725    -0.1557844581004008
 2.3116753101    -0.1585166534928735
 2.3150949478    -0.1612415625692820
 2.3185145855    -0.1639591419287156
 2.3219342232    -0.1666693482455606
 2.3253538609    -0.1693721382705746
 2.3287734985    -0.1720674688319629
 2.3321931362    -0.1747552968364513
 2.3356127739    -0.1774355792703597
 2.3390324116    -0.1801082732006735
 2.3424520493    -0.1827733357761147
 2.3458716869    -0.1854307242282111
 2.3492913246    -0.1880803958723647
 2.3527109623    -0.1907223081089192
 2.3561306000    -0.1933564184242249
 2.3595502377    -0.1959826843917046
 2.3629698753    -0.1986010636729159
 2.3663895130    -0.2012115140186125
 2.3698091507    -0.2038139932698064
 2.3732287884    -0.2064084593588252
 2.3766484261    -0.2089948703103712
 2.3800680637    -0.2115731842425757
 2.3834877014    -0.2141433593680544
 2.3869073391    -0.2167053539949612
 2.3903269768    -0.2192591265280373
 2.3937466145    -0.2218046354696630
 2.3971662521    -0.2243418394209049
 2.4005858898    -0.2268706970825611
 2.4040055275    -0.2293911672562078
 2.4074251652    -0.2319032088452400
 2.4108448029    -0.2344067808559138
 2.4142644405    -0.2369018423983850
 2.4176840782    -0.2393883526877455
 2.4211037159    -0.2418662710450595
 2.4245233536    -0.2443355568983974
 2.4279429913    -0.2467961697838646
 2.4313626289    -0.2492480693466336
 2.4347822666    -0.2516912153419694
 2.4382019043    -0.2541255676362552
 2.4416215420    -0.2565510862080154
 2.4450411797    -0.2589677311489363
 2.4484608173    -0.2613754626648851
 2.4518804550    -0.2637742410769250
 2.4553000927    -0.2661640268223318
 2.4587197304    -0.2685447804556030
 2.4621393681    -0.2709164626494689
 2.4655590057    -0.2732790341958995
 2.4689786434    -0.2756324560071093
 2.4723982811    -0.2779766891165592
 2.4758179188    -0.2803116946799564
 2.4792375565    -0.2826374339762527
 2.4826571941    -0.2849538684086376
 2.4860768318    -0.2872609595055325
 2.4894964695    -0.2895586689215787
 2.4929161072    -0.2918469584386255
 2.4963357449    -0.2941257899667142
 2.4997553825    -0.2963951255450598
 2.5031750202    -0.2986549273430296
 2.5065946579    -0.3009051576611204
 2.5100142956    -0.3031457789319306
 2.5134339333    -0.3053767537211323
 2.5168535709    -0.3075980447284365
 2.5202732086    -0.3098096147885617
 2.5236928463    -0.3120114268721922
 2.5271124840    -0.3142034440869388
 2.5305321217    -0.3163856296782945
 2.5339517593    -0.3185579470305880
 2.5373713970    -0.3207203596679320
 2.5407910347    -0.3228728312551722
 2.5442106724    -0.3250153255988287
 2.5476303101    -0.3271478066480386
 2.5510499477    -0.3292702384954920
 2.5544695854    -0.3313825853783667
 2.5578892231    -0.3334848116792597
 2.5613088608    -0.3355768819271132
 2.5647284985    -0.3376587607981408
 2.5681481361    -0.3397304131167478
 2.5715677738    -0.3417918038564481
 2.5749874115    -0.3438428981407800
 2.5784070492    -0.3458836612442160
 2.5818266869    -0.3479140585930702
 2.5852463245    -0.3499340557664027
 2.5886659622    -0.3519436184969199
 2.5920855999    -0.3539427126718711
 2.5955052376    -0.3559313043339417
 2.5989248753    -0.3579093596821432
 2.6023445129    -0.3598768450726993
 2.6057641506    -0.3618337270199279
 2.6091837883    -0.3637799721971200
 2.6126034260    -0.3657155474374146
 2.6160230637    -0.3676404197346700
 2.6194427013    -0.3695545562443310
 2.6228623390    -0.3714579242842925
 2.6262819767    -0.3733504913357599
 2.6297016144    -0.3752322250441038
 2.6331212521    -0.3771030932197135
 2.6365408897    -0.3789630638388437
 2.6399605274    -0.3808121050444592
 2.6433801651    -0.3826501851470753
 2.6467998028    -0.3844772726255933
 2.6502194405    -0.3862933361281331
 2.6536390781    -0.3880983444728612
 2.6570587158    -0.3898922666488139
 2.6604783535    -0.3916750718167181
 2.6638979912    -0.3934467293098063
 2.6673176289    -0.3952072086346283
 2.6707372665    -0.3969564794718581
 2.6741569042    -0.3986945116770974
 2.6775765419    -0.4004212752816740
 2.6809961796    -0.4021367404934368
 2.6844158173    -0.4038408776975453
 2.6878354549    -0.4055336574572554
 2.6912550926    -0.4072150505147022
 2.6946747303    -0.4088850277916745
 2.6980943680    -0.4105435603903900
 2.7015140057    -0.4121906195942621
 2.7049336433    -0.4138261768686642
 2.7083532810    -0.4154502038616882
 2.7117729187    -0.4170626724049004
 2.7151925564    -0.4186635545140900
 2.7186121941    -0.4202528223900160
 2.7220318317    -0.4218304484191485
 2.7254514694    -0.4233964051744030
 2.7288711071    -0.4249506654158743
 2.7322907448    -0.4264932020915628
 2.7357103825    -0.4280239883380960
 2.7391300201    -0.4295429974814472
 2.7425496578    -0.4310502030376478
 2.7459692955    -0.4325455787134961
 2.7493889332    -0.4340290984072592
 2.7528085709    -0.4355007362093730
 2.7562282085    -0.4369604664031347
 2.7596478462    -0.4384082634653926
 2.7630674839    -0.4398441020672289
 2.7664871216    -0.4412679570746392
 2.7699067593    -0.4426798035492068
 2.7733263969    -0.4440796167487713
 2.7767460346    -0.4454673721280931
 2.7801656723    -0.4468430453395119
 2.7835853100    -0.4482066122336015
 2.7870049477    -0.4495580488598182
 2.7904245853    -0.4508973314671452
 2.7938442230    -0.4522244365047308
 2.7972638607    -0.4535393406225234
 2.8006834984    -0.4548420206718988
 2.8041031361    -0.4561324537062842
 2.8075227737    -0.4574106169817764
 2.8109424114    -0.4586764879577550
 2.8143620491    -0.4599300442974901
 2.8177816868    -0.4611712638687452
 2.8212013245    -0.4624001247443742
 2.8246209621    -0.4636166052029138
 2.8280405998    -0.4648206837291695
 2.8314602375    -0.4660123390147987
 2.8348798752    -0.4671915499588847
 2.8382995129    -0.4683582956685093
 2.8417191505    -0.4695125554593175
 2.8451387882    -0.4706543088560766
 2.8485584259    -0.4717835355932325
 2.8519780636    -0.4729002156154571
 2.8553977013    -0.4740043290781938
 2.8588173389    -0.4750958563481934
 2.8622369766    -0.4761747780040494
 2.8656566143    -0.4772410748367226
 2.8690762520    -0.4782947278500652
 2.8724958897    -0.4793357182613353
 2.8759155273    -0.4803640275017078
 2.8793351650    -0.4813796372167802
 2.8827548027    -0.4823825292670704
 2.8861744404    -0.4833726857285122
 2.8895940781    -0.4843500888929422
 2.8930137157    -0.4853147212685832
 2.8964333534    -0.4862665655805201
 2.8998529911    -0.4872056047711718
 2.9032726288    -0.4881318220007563
 2.9066922665    -0.4890452006477507
 2.9101119041    -0.4899457243093449
 2.9135315418    -0.4908333768018901
 2.9169511795    -0.4917081421613411
 2.9203708172    -0.4925700046436933
 2.9237904549    -0.4934189487254134
 2.9272100925    -0.4942549591038647
 2.9306297302    -0.4950780206977269
 2.9340493679    -0.4958881186474084
 2.9374690056    -0.4966852383154545
 2.9408886433    -0.4974693652869502
 2.9443082809    -0.4982404853699148
 2.9477279186    -0.4989985845956921
 2.9511475563    -0.4997436492193353
 2.9545671940    -0.5004756657199843
 2.9579868317    -0.5011946208012388
 2.9614064693    -0.5019005013915235
 2.9648261070    -0.5025932946444509
 2.9682457447    -0.5032729879391721
 2.9716653824    -0.5039395688807284
 2.9750850201    -0.5045930253003922
 2.9785046577    -0.5052333452560043
 2.9819242954    -0.5058605170323034
 2.9853439331    -0.5064745291412514
 2.9887635708    -0.5070753703223512
 2.9921832085    -0.5076630295429594
 2.9956028461    -0.5082374959985927
 2.9990224838    -0.5087987591132279
 3.0024421215    -0.5093468085395955
 3.0058617592    -0.5098816341594690
 3.0092813969    -0.5104032260839459
 3.0127010345    -0.5109115746537242
 3.0161206722    -0.5114066704393713
 3.0195403099    -0.5118885042415890
 3.0229599476    -0.5123570670914687
 3.0263795853    -0.5128123502507458
 3.0297992229    -0.5132543452120419
 3.0332188606    -0.5136830436991067
 3.0366384983    -0.5140984376670478
 3.0400581360    -0.5145005193025598
 3.0434777737    -0.5148892810241439
 3.0468974113    -0.5152647154823223
 3.0503170490    -0.5156268155598464
 3.0537366867    -0.5159755743718980
 3.0571563244    -0.5163109852662862
 3.0605759621    -0.5166330418236359
 3.0639955997    -0.5169417378575718
 3.0674152374    -0.5172370674148951
 3.0708348751    -0.5175190247757534
 3.0742545128    -0.5177876044538070
 3.0776741505    -0.5180428011963853
 3.0810937881    -0.5182846099846412
 3.0845134258    -0.5185130260336932
 3.0879330635    -0.5187280447927691
 3.0913527012    -0.5189296619453363
 3.0947723389    -0.5191178734092300
 3.0981919765    -0.5192926753367730
 3.1016116142    -0.5194540641148913
 3.1050312519    -0.5196020363652212
 3.1084508896    -0.5197365889442110
 3.1118705273    -0.5198577189432179
 3.1152901649    -0.5199654236885953
 3.1187098026    -0.5200597007417770
 3.1221294403    -0.5201405478993533
 3.1255490780    -0.5202079631931419
 3.1289687157    -0.5202619448902506
 3.1323883533    -0.5203024914931362
 3.1358079910    -0.5203296017396553
 3.1392276287    -0.5203432746031094
 3.1426472664    -0.5203435092922838
 3.1460669041    -0.5203303052514795
 3.1494865417    -0.5203036621605399
 3.1529061794    -0.5202635799348704
 3.1563258171    -0.5202100587254508
 3.1597454548    -0.5201430989188446
 3.1631650925    -0.5200627011371968
 3.1665847301    -0.5199688662382316
 3.1700043678    -0.5198615953152379
 3.1734240055    -0.5197408896970523
 3.1768436432    -0.5196067509480348
 3.1802632809    -0.5194591808680368
 3.1836829185    -0.5192981814923656
 3.1871025562    -0.5191237550917389
 3.1905221939    -0.5189359041722370
 3.1939418316    -0.5187346314752451
 3.1973614693    -0.5185199399773920
 3.2007811069    -0.5182918328904805
 3.2042007446    -0.5180503136614127
 3.2076203823    -0.5177953859721089
 3.2110400200    -0.5175270537394192
 3.2144596577    -0.5172453211150297
 3.2178792953    -0.5169501924853632
 3.2212989330    -0.5166416724714709
 3.2247185707    -0.5163197659289211
 3.2281382084    -0.5159844779476785
 3.2315578461    -0.5156358138519811
 3.2349774837    -0.5152737792002050
 3.2383971214    -0.5148983797847294
 3.2418167591    -0.5145096216317913
 3.2452363968    -0.5141075110013340
 3.2486560345    -0.5136920543868519
 3.2520756721    -0.5132632585152259
 3.2554953098    -0.5128211303465549
 3.2589149475    -0.5123656770739804
 3.2623345852    -0.5118969061235039
 3.2657542229    -0.5114148251537985
 3.2691738605    -0.5109194420560172
 3.2725934982    -0.5104107649535881
 3.2760131359    -0.5098888022020114
 3.2794327736    -0.5093535623886449
 3.2828524113    -0.5088050543324845
 3.2862720490    -0.5082432870839393
 3.2896916866    -0.5076682699246002
 3.2931113243    -0.5070800123670030
 3.2965309620    -0.5064785241543809
 3.2999505997    -0.5058638152604196
 3.3033702374    -0.5052358958889971
 3.3067898750    -0.5045947764739229
 3.3102095127    -0.5039404676786697
 3.3136291504    -0.5032729803960981
 3.3170487881    -0.5025923257481757
 3.3204684258    -0.5018985150856913
 3.3238880634    -0.5011915599879602
 3.3273077011    -0.5004714722625273
 3.3307273388    -0.4997382639448597
 3.3341469765    -0.4989919472980372
 3.3375666142    -0.4982325348124342
 3.3409862518    -0.4974600392053963
 3.3444058895    -0.4966744734209108
 3.3478255272    -0.4958758506292729
 3.3512451649    -0.4950641842267408
 3.3546648026    -0.4942394878351927
 3.3580844402    -0.4934017753017693
 3.3615040779    -0.4925510606985170
 3.3649237156    -0.4916873583220214
 3.3683433533    -0.4908106826930362
 3.3717629910    -0.4899210485561061
 3.3751826286    -0.4890184708791825
 3.3786022663    -0.4881029648532368
 3.3820219040    -0.4871745458918620
 3.3854415417    -0.4862332296308746
 3.3888611794    -0.4852790319279060
 3.3922808170    -0.4843119688619905
 3.3957004547    -0.4833320567331469
 3.3991200924    -0.4823393120619538
 3.4025397301    -0.4813337515891191
 3.4059593678    -0.4803153922750444
 3.4093790054    -0.4792842512993828
 3.4127986431    -0.4782403460605916
 3.4162182808    -0.4771836941754792
 3.4196379185    -0.4761143134787446
 3.4230575562    -0.4750322220225144
 3.4264771938    -0.4739374380758703
 3.4298968315    -0.4728299801243740
 3.4333164692    -0.4717098668695859
 3.4367361069    -0.4705771172285749
 3.4401557446    -0.4694317503334271
 3.4435753822    -0.4682737855307469
 3.4469950199    -0.4671032423811511
 3.4504146576    -0.4659201406587599
 3.4538342953    -0.4647245003506798
 3.4572539330    -0.4635163416564841
 3.4606735706    -0.4622956849876841
 3.4640932083    -0.4610625509671979
 3.4675128460    -0.4598169604288115
 3.4709324837    -0.4585589344166361
 3.4743521214    -0.4572884941845586
 3.4777717590    -0.4560056611956875
 3.4811913967    -0.4547104571217928
 3.4846110344    -0.4534029038427403
 3.4880306721    -0.4520830234459223
 3.4914503098    -0.4507508382256795
 3.4948699474    -0.4494063706827212
 3.4982895851    -0.4480496435235373
 3.5017092228    -0.4466806796598066
 3.5051288605    -0.4452995022078001
 3.5085484982    -0.4439061344877765
 3.5119681358    -0.4425006000233760
 3.5153877735    -0.4410829225410049
 3.5188074112    -0.4396531259692197
 3.5222270489    -0.4382112344381009
 3.5256466866    -0.4367572722786257
 3.5290663242    -0.4352912640220331
 3.5324859619    -0.4338132343991848
 3.5359055996    -0.4323232083399213
 3.5393252373    -0.4308212109724114
 3.5427448750    -0.4293072676224992
 3.5461645126    -0.4277814038130426
 3.5495841503    -0.4262436452632502
 3.5530037880    -0.4246940178880110
 3.5564234257    -0.4231325477972195
 3.5598430634    -0.4215592612950968
 3.5632627010    -0.4199741848795050
 3.5666823387    -0.4183773452412589
 3.5701019764    -0.4167687692634302
 3.5735216141    -0.4151484840206499
 3.5769412518    -0.4135165167784018
 3.5803608894    -0.4118728949923165
 3.5837805271    -0.4102176463074548
 3.5872001648    -0.4085507985575911
 3.5906198025    -0.4068723797644889
 3.5940394402    -0.4051824181371732
 3.5974590778    -0.4034809420711979
 3.6008787155    -0.4017679801479077
 3.6042983532    -0.4000435611336968
 3.6077179909    -0.3983077139792610
 3.6111376286    -0.3965604678188477
 3.6145572662    -0.3948018519694990
 3.6179769039    -0.3930318959302909
 3.6213965416    -0.3912506293815695
 3.6248161793    -0.3894580821841798
 3.6282358170    -0.3876542843786928
 3.6316554546    -0.3858392661846263
 3.6350750923    -0.3840130579996631
 3.6384947300    -0.3821756903988616
 3.6419143677    -0.3803271941338657
 3.6453340054    -0.3784676001321083
 3.6487536430    -0.3765969394960103
 3.6521732807    -0.3747152435021764
 3.6555929184    -0.3728225436005863
 3.6590125561    -0.3709188714137801
 3.6624321938    -0.3690042587360430
 3.6658518314    -0.3670787375325814
 3.6692714691    -0.3651423399386983
 3.6726911068    -0.3631950982589628
 3.6761107445    -0.3612370449663772
 3.6795303822    -0.3592682127015361
 3.6829500198    -0.3572886342717876
 3.6863696575    -0.3552983426503837
 3.6897892952    -0.3532973709756330
 3.6932089329    -0.3512857525500439
 3.6966285706    -0.3492635208394683
 3.7000482082    -0.3472307094722388
 3.7034678459    -0.3451873522383020
 3.7068874836    -0.3431334830883498
 3.7103071213    -0.3410691361329453
 3.7137267590    -0.3389943456416450
 3.7171463966    -0.3369091460421182
 3.7205660343    -0.3348135719192610
 3.7239856720    -0.3327076580143091
 3.7274053097    -0.3305914392239437
 3.7308249474    -0.3284649505993975
 3.7342445850    -0.3263282273455524
 3.7376642227    -0.3241813048200390
 3.7410838604    -0.3220242185323280
 3.7445034981    -0.3198570041428204
 3.7479231358    -0.3176796974619339
 3.7513427734    -0.3154923344491855
 3.7547624111    -0.3132949512122702
 3.7581820488    -0.3110875840061377
 3.7616016865    -0.3088702692320642
 3.7650213242    -0.3066430434367218
 3.7684409618    -0.3044059433112444
 3.7718605995    -0.3021590056902898
 3.7752802372    -0.2999022675510995
 3.7786998749    -0.2976357660125545
 3.7821195126    -0.2953595383342277
 3.7855391502    -0.2930736219154347
 3.7889587879    -0.2907780542942786
 3.7923784256    -0.2884728731466957
 3.7957980633    -0.2861581162854935
 3.7992177010    -0.2838338216593901
 3.8026373386    -0.2815000273520472
 3.8060569763    -0.2791567715811020
 3.8094766140    -0.2768040926971961
 3.8128962517    -0.2744420291829992
 3.8163158894    -0.2720706196522348
 3.8197355270    -0.2696899028486966
 3.8231551647    -0.2672999176452687
 3.8265748024    -0.2649007030429372
 3.8299944401    -0.2624922981698032
 3.8334140778    -0.2600747422800913
 3.8368337154    -0.2576480747531552
 3.8402533531    -0.2552123350924822
 3.8436729908    -0.2527675629246920
 3.8470926285    -0.2503137979985380
 3.8505122662    -0.2478510801839000
 3.8539319038    -0.2453794494707793
 3.8573515415    -0.2428989459682888
 3.8607711792    -0.2404096099036409
 3.8641908169    -0.2379114816211342
 3.8676104546    -0.2354046015811362
 3.8710300922    -0.2328890103590650
 3.8744497299    -0.2303647486443673
 3.8778693676    -0.2278318572394959
 3.8812890053    -0.2252903770588839
 3.8847086430    -0.2227403491279156
 3.8881282806    -0.2201818145818978
 3.8915479183    -0.2176148146650267
 3.8949675560    -0.2150393907293544
 3.8983871937    -0.2124555842337511
 3.9018068314    -0.2098634367428677
 3.9052264690    -0.2072629899260954
 3.9086461067    -0.2046542855565223
 3.9120657444    -0.2020373655098904
 3.9154853821    -0.1994122717635475
 3.9189050198    -0.1967790463954008
 3.9223246574    -0.1941377315828656
 3.9257442951    -0.1914883696018145
 3.9291639328    -0.1888310028255229
 3.9325835705    -0.1861656737236143
 3.9360032082    -0.1834924248610030
 3.9394228458    -0.1808112988968358
 3.9428424835    -0.1781223385834314
 3.9462621212    -0.1754255867652181
 3.9496817589    -0.1727210863776718
 3.9531013966    -0.1700088804462490
 3.9565210342    -0.1672890120853220
 3.9599406719    -0.1645615244971099
 3.9633603096    -0.1618264609706104
 3.9667799473    -0.1590838648805282
 3.9701995850    -0.1563337796862027
 3.9736192226    -0.1535762489305357
 3.9770388603    -0.1508113162389154
 3.9804584980    -0.1480390253181424
 3.9838781357    -0.1452594199553500
 3.9872977734    -0.1424725440169284
 3.9907174110    -0.1396784414474437
 3.9941370487    -0.1368771562685578
 3.9975566864    -0.1340687325779475
 4.0009765625    -0.1312532145482204
 4.0043964386    -0.1284306464258330
 4.0078163147    -0.1256010725300045
 4.0112361908    -0.1227645372516328
 4.0146560669    -0.1199210850522068
 4.0180759430    -0.1170707604627200
 4.0214958191    -0.1142136080825820
 4.0249156952    -0.1113496725785297
 4.0283355713    -0.1084789986835382
 4.0317554474    -0.1056016311957294
 4.0351753235    -0.1027176149772823
 4.0385951996    -0.0998269949533406
 4.0420150757    -0.0969298161109198
 4.0454349518    -0.0940261234978162
 4.0488548279    -0.0911159622215120
 4.0522747040    -0.0881993774480817
 4.0556945801    -0.0852764144010986
 4.0591144562    -0.0823471183605393
 4.0625343323    -0.0794115346616880
 4.0659542084    -0.0764697086940428
 4.0693740845    -0.0735216859002181
 4.0727939606    -0.0705675117748492
 4.0762138367    -0.0676072318634964
 4.0796337128    -0.0646408917615474
 4.0830535889    -0.0616685371131213
 4.0864734650    -0.0586902136099712
 4.0898933411    -0.0557059669903881
 4.0933132172    -0.0527158430381021
 4.0967330933    -0.0497198875811872
 4.1001529694    -0.0467181464909630
 4.1035728455    -0.0437106656808973
 4.1069927216    -0.0406974911055106
 4.1104125977    -0.0376786687592771
 4.1138324738    -0.0346542446755299
 4.1172523499    -0.0316242649253627
 4.1206722260    -0.0285887756165349
 4.1240921021    -0.0255478228923738
 4.1275119781    -0.0225014529306798
 4.1309318542    -0.0194497119426311
 4.1343517303    -0.0163926461716872
 4.1377716064    -0.0133303018924950
 4.1411914825    -0.0102627254097941
 4.1446113586    -0.0071899630573230
 4.1480312347    -0.0041120611967254
 4.1514511108    -0.0010290662164572
 4.1548709869     0.0020589754693058
 4.1582908630     0.0051520174217600
 4.1617107391     0.0082500131785642
 4.1651306152     0.0113529162549316
 4.1685504913     0.0144606801447181
 4.1719703674     0.0175732583215131
 4.1753902435     0.0206906042397259
 4.1788101196     0.0238126713356749
 4.1822299957     0.0269394130286728
 4.1856498718     0.0300707827221137
 4.1890697479     0.0332067338045575
 4.1924896240     0.0363472196508133
 4.1959095001     0.0394921936230235
 4.1993293762     0.0426416090717443
 4.2027492523     0.0457954193370284
 4.2061691284     0.0489535777495030
 4.2095890045     0.0521160376314503
 4.2130088806     0.0552827522978836
 4.2164287567     0.0584536750576240
 4.2198486328     0.0616287592143773
 4.2232685089     0.0648079580678043
 4.2266883850     0.0679912249145977
 4.2301082611     0.0711785130495507
 4.2335281372     0.0743697757666271
 4.2369480133     0.0775649663600311
 4.2403678894     0.0807640381252732
 4.2437877655     0.0839669443602373
 4.2472076416     0.0871736383662436
 4.2506275177     0.0903840734491123
 4.2540473938     0.0935982029202237
 4.2574672699     0.0968159800975787
 4.2608871460     0.1000373583068569
 4.2643070221     0.1032622908824717
 4.2677268982     0.1064907311686258
 4.2711467743     0.1097226325203645
 4.2745666504     0.1129579483046256
 4.2779865265     0.1161966319012890
 4.2814064026     0.1194386367042261
 4.2848262787     0.1226839161223425
 4.2882461548     0.1259324235806240
 4.2916660309     0.1291841125211777
 4.2950859070     0.1324389364042718
 4.2985057831     0.1356968487093739
 4.3019256592     0.1389578029361865
 4.3053455353     0.1422217526056816
 4.3087654114     0.1454886512611312
 4.3121852875     0.1487584524691387
 4.3156051636     0.1520311098206649
 4.3190250397     0.1553065769320545
 4.3224449158     0.1585848074460585
 4.3258647919     0.1618657550328553
 4.3292846680     0.1651493733910702
 4.3327045441     0.1684356162487898
 4.3361244202     0.1717244373645785
 4.3395442963     0.1750157905284883
 4.3429641724     0.1783096295630687
 4.3463840485     0.1816059083243733
 4.3498039246     0.1849045807029651
 4.3532238007     0.1882056006249168
 4.3566436768     0.1915089220528114
 4.3600635529     0.1948144989867393
 4.3634834290     0.1981222854652906
 4.3669033051     0.2014322355665493
 4.3703231812     0.2047443034090802
 4.3737430573     0.2080584431529162
 4.3771629333     0.2113746090005421
 4.3805828094     0.2146927551978746
 4.3840026855     0.2180128360352415
 4.3874225616     0.2213348058483555
 4.3908424377     0.2246586190192890
 4.3942623138     0.2279842299774413
 4.3976821899     0.2313115932005073
 4.4011020660     0.2346406632154399
 4.4045219421     0.2379713945994119
 4.4079418182     0.2413037419807736
 4.4113616943     0.2446376600400077
 4.4147815704     0.2479731035106818
 4.4182014465     0.2513100271803961
 4.4216213226     0.2546483858917303
 4.4250411987     0.2579881345431856
 4.4284610748     0.2613292280901250
 4.4318809509     0.2646716215457089
 4.4353008270     0.2680152699818286
 4.4387207031     0.2713601285300359
 4.4421405792     0.2747061523824707
 4.4455604553     0.2780532967927835
 4.4489803314     0.2814015170770559
 4.4524002075     0.2847507686147174
 4.4558200836     0.2881010068494586
 4.4592399597     0.2914521872901415
 4.4626598358     0.2948042655117059
 4.4660797119     0.2981571971560726
 4.4694995880     0.3015109379330433
 4.4729194641     0.3048654436211966
 4.4763393402     0.3082206700687802
 4.4797592163     0.3115765731946011
 4.4831790924     0.3149331089889107
 4.4865989685     0.3182902335142860
 4.4900188446     0.3216479029065088
 4.4934387207     0.3250060733754401
 4.4968585968     0.3283647012058911
 4.5002784729     0.3317237427584906
 4.5036983490     0.3350831544705483
 4.5071182251     0.3384428928569141
 4.5105381012     0.3418029145108359
 4.5139579773     0.3451631761048096
 4.5173778534     0.3485236343914287
 4.5207977295     0.3518842462042290
 4.5242176056     0.3552449684585285
 4.5276374817     0.3586057581522647
 4.5310573578     0.3619665723668270
 4.5344772339     0.3653273682678859
 4.5378971100     0.3686881031062178
 4.5413169861     0.3720487342185259
 4.5447368622     0.3754092190282564
 4.5481567383     0.3787695150464133
 4.5515766144     0.3821295798723640
 4.5549964905     0.3854893711946473
 4.5584163666     0.3888488467917716
 4.5618362427     0.3922079645330123
 4.5652561188     0.3955666823792035
 4.5686759949     0.3989249583835271
 4.5720958710     0.4022827506922955
 4.5755157471     0.4056400175457316
 4.5789356232     0.4089967172787447
 4.5823554993     0.4123528083217009
 4.5857753754     0.4157082492011905
 4.5891952515     0.4190629985407899
 4.5926151276     0.4224170150618205
 4.5960350037     0.4257702575841021
 4.5994548798     0.4291226850267021
 4.6028747559     0.4324742564086811
 4.6062946320     0.4358249308498333
 4.6097145081     0.4391746675714228
 4.6131343842     0.4425234258969147
 4.6165542603     0.4458711652527036
 4.6199741364     0.4492178451688353
 4.6233940125     0.4525634252797254
 4.6268138885     0.4559078653248729
 4.6302337646     0.4592511251495698
 4.6336536407     0.4625931647056052
 4.6370735168     0.4659339440519654
 4.6404933929     0.4692734233555292
 4.6439132690     0.4726115628917593
 4.6473331451     0.4759483230453869
 4.6507530212     0.4792836643110953
 4.6541728973     0.4826175472941943
 4.6575927734     0.4859499327112943
 4.6610126495     0.4892807813909717
 4.6644325256     0.4926100542744337
 4.6678524017     0.4959377124161735
 4.6712722778     0.4992637169846260
 4.6746921539     0.5025880292628137
 4.6781120300     0.5059106106489920
 4.6815319061     0.5092314226572869
 4.6849517822     0.5125504269183287
 4.6883716583     0.5158675851798815
 4.6917915344     0.5191828593074668
 4.6952114105     0.5224962112849829
 4.6986312866     0.5258076032153191
 4.7020511627     0.5291169973209648
 4.7054710388     0.5324243559446149
 4.7088909149     0.5357296415497674
 4.7123107910     0.5390328167213201
 4.7157306671     0.5423338441661583
 4.7191505432     0.5456326867137409
 4.7225704193     0.5489293073166782
 4.7259902954     0.5522236690513082
 4.7294101715     0.5555157351182645
 4.7328300476     0.5588054688430419
 4.7362499237     0.5620928336765549
 4.7396697998     0.5653777931956927
 4.7430896759     0.5686603111038679
 4.7465095520     0.5719403512315606
 4.7499294281     0.5752178775368578
 4.7533493042     0.5784928541059866
 4.7567691803     0.5817652451538438
 4.7601890564     0.5850350150245183
 4.7636089325     0.5883021281918104
 4.7670288086     0.5915665492597448
 4.7704486847     0.5948282429630786
 4.7738685608     0.5980871741678038
 4.7772884369     0.6013433078716457
 4.7807083130     0.6045966092045540
 4.7841281891     0.6078470434291918
 4.7875480652     0.6110945759414158
 4.7909679413     0.6143391722707539
 4.7943878174     0.6175807980808762
 4.7978076935     0.6208194191700618
 4.8012275696     0.6240550014716588
 4.8046474457     0.6272875110545402
 4.8080673218     0.6305169141235545
 4.8114871979     0.6337431770199704
 4.8149070740     0.6369662662219160
 4.8183269501     0.6401861483448141
 4.8217468262     0.6434027901418102
 4.8251667023     0.6466161585041963
 4.8285865784     0.6498262204618301
 4.8320064545     0.6530329431835467
 4.8354263306     0.6562362939775666
 4.8388462067     0.6594362402918978
 4.8422660828     0.6626327497147335
 4.8456859589     0.6658257899748417
 4.8491058350     0.6690153289419523
 4.8525257111     0.6722013346271383
 4.8559455872     0.6753837751831896
 4.8593654633     0.6785626189049835
 4.8627853394     0.6817378342298490
 4.8662052155     0.6849093897379256
 4.8696250916     0.6880772541525169
 4.8730449677     0.6912413963404382
 4.8764648438     0.6944017853123601
 4.8798847198     0.6975583902231441
 4.8833045959     0.7007111803721762
 4.8867244720     0.7038601252036911
 4.8901443481     0.7070051943070943
 4.8935642242     0.7101463574172769
 4.8969841003     0.7132835844149259
 4.9004039764     0.7164168453268274
 4.9038238525     0.7195461103261667
 4.9072437286     0.7226713497328213
 4.9106636047     0.7257925340136484
 4.9140834808     0.7289096337827672
 4.9175033569     0.7320226198018369
 4.9209232330     0.7351314629803266
 4.9243431091     0.7382361343757824
 4.9277629852     0.7413366051940868
 4.9311828613     0.7444328467897150
 4.9346027374     0.7475248306659825
 4.9380226135     0.7506125284752905
 4.9414424896     0.7536959120193634
 4.9448623657     0.7567749532494821
 4.9482822418     0.7598496242667112
 4.9517021179     0.7629198973221207
 4.9551219940     0.7659857448170029
 4.9585418701     0.7690471393030824
 4.9619617462     0.7721040534827224
 4.9653816223     0.7751564602091233
 4.9688014984     0.7782043324865183
 4.9722213745     0.7812476434703612
 4.9756412506     0.7842863664675102
 4.9790611267     0.7873204749364052
 4.9824810028     0.7903499424872409
 4.9859008789     0.7933747428821326
 4.9893207550     0.7963948500352778
 4.9927406311     0.7994102380131122
 4.9961605072     0.8024208810344600
 4.9995803833     0.8054267534706777
 5.0030002594     0.8084278298457946
 5.0064201355     0.8114240848366459
 5.0098400116     0.8144154932730009
 5.0132598877     0.8174020301376860
 5.0166797638     0.8203836705667018
 5.0200996399     0.8233603898493354
 5.0235195160     0.8263321634282657
 5.0269393921     0.8292989668996652
 5.0303592682     0.8322607760132954
 5.0337791443     0.8352175666725959
 5.0371990204     0.8381693149347694
 5.0406188965     0.8411159970108610
 5.0440387726     0.8440575892658306
 5.0474586487     0.8469940682186226
 5.0508785248     0.8499254105422269
 5.0542984009     0.8528515930637377
 5.0577182770     0.8557725927644037
 5.0611381531     0.8586883867796757
 5.0645580292     0.8615989523992470
 5.0679779053     0.8645042670670886
 5.0713977814     0.8674043083814806
 5.0748176575     0.8702990540950348
 5.0782375336     0.8731884821147160
 5.0816574097     0.8760725705018547
 5.0850772858     0.8789512974721565
 5.0884971619     0.8818246413957045
 5.0919170380     0.8846925807969575
 5.0953369141     0.8875550943547424
 5.0987567902     0.8904121609022415
 5.1021766663     0.8932637594269738
 5.1055965424     0.8961098690707717
 5.1090164185     0.8989504691297522
 5.1124362946     0.9017855390542826
 5.1158561707     0.9046150584489405
 5.1192760468     0.9074390070724702
 5.1226959229     0.9102573648377308
 5.1261157990     0.9130701118116429
 5.1295356750     0.9158772282151263
 5.1329555511     0.9186786944230342
 5.1363754272     0.9214744909640835
 5.1397953033     0.9242645985207765
 5.1432151794     0.9270489979293207
 5.1466350555     0.9298276701795412
 5.1500549316     0.9326005964147888
 5.1534748077     0.9353677579318426
 5.1568946838     0.9381291361808083
 5.1603145599     0.9408847127650095
 5.1637344360     0.9436344694408757
 5.1671543121     0.9463783881178243
 5.1705741882     0.9491164508581371
 5.1739940643     0.9518486398768325
 5.1774139404     0.9545749375415322
 5.1808338165     0.9572953263723227
 5.1842536926     0.9600097890416117
 5.1876735687     0.9627183083739799
 5.1910934448     0.9654208673460268
 5.1945133209     0.9681174490862129
 5.1979331970     0.9708080368746950
 5.2013530731     0.9734926141431584
 5.2047729492     0.9761711644746420
 5.2081928253     0.9788436716033611
 5.2116127014     0.9815101194145228
 5.2150325775     0.9841704919441370
 5.2184524536     0.9868247733788234
 5.2218723297     0.9894729480556129
 5.2252922058     0.9921150004617438
 5.2287120819     0.9947509152344540
 5.2321319580     0.9973806771607668
 5.2355518341     1.0000042711772736
 5.2389717102     1.0026216823699108
 5.2423915863     1.0052328959737316
 5.2458114624     1.0078378973726729
 5.2492313385     1.0104366720993199
 5.2526512146     1.0130292058346604
 5.2560710907     1.0156154844078416
 5.2594909668     1.0181954937959150
 5.2629108429     1.0207692201235821
 5.2663307190     1.0233366496629313
 5.2697505951     1.0258977688331741
 5.2731704712     1.0284525642003719
 5.2765903473     1.0310010224771631
 5.2800102234     1.0335431305224807
 5.2834300995     1.0360788753412697
 5.2868499756     1.0386082440841966
 5.2902698517     1.0411312240473560
 5.2936897278     1.0436478026719720
 5.2971096039     1.0461579675440948
 5.3005294800     1.0486617063942940
 5.3039493561     1.0511590070973458
 5.3073692322     1.0536498576719167
 5.3107891083     1.0561342462802417
 5.3142089844     1.0586121612278001
 5.3176288605     1.0610835909629841
 5.3210487366     1.0635485240767650
 5.3244686127     1.0660069493023547
 5.3278884888     1.0684588555148609
 5.3313083649     1.0709042317309414
 5.3347282410     1.0733430671084512
 5.3381481171     1.0757753509460857
 5.3415679932     1.0782010726830209
 5.3449878693     1.0806202218985483
 5.3484077454     1.0830327883117055
 5.3518276215     1.0854387617809025
 5.3552474976     1.0878381323035451
 5.3586673737     1.0902308900156510
 5.3620872498     1.0926170251914669
 5.3655071259     1.0949965282430747
 5.3689270020     1.0973693897200001
 5.3723468781     1.0997356003088123
 5.3757667542     1.1020951508327226
 5.3791866302     1.1044480322511765
 5.3826065063     1.1067942356594440
 5.3860263824     1.1091337522882054
 5.3894462585     1.1114665735031306
 5.3928661346     1.1137926908044582
 5.3962860107     1.1161120958265682
 5.3997058868     1.1184247803375513
 5.4031257629     1.1207307362387744
 5.4065456390     1.1230299555644425
 5.4099655151     1.1253224304811558
 5.4133853912     1.1276081532874647
 5.4168052673     1.1298871164134181
 5.4202251434     1.1321593124201117
 5.4236450195     1.1344247339992291
 5.4270648956     1.1366833739725801
 5.4304847717     1.1389352252916378
 5.4339046478     1.1411802810370686
 5.4373245239     1.1434185344182586
 5.4407444000     1.1456499787728402
 5.4441642761     1.1478746075662110
 5.4475841522     1.1500924143910498
 5.4510040283     1.1523033929668320
 5.4544239044     1.1545075371393372
 5.4578437805     1.1567048408801561
 5.4612636566     1.1588952982861940
 5.4646835327     1.1610789035791680
 5.4681034088     1.1632556511051042
 5.4715232849     1.1654255353338296
 5.4749431610     1.1675885508584614
 5.4783630371     1.1697446923948913
 5.4817829132     1.1718939547812688
 5.4852027893     1.1740363329774797
 5.4886226654     1.1761718220646216
 5.4920425415     1.1783004172444762
 5.4954624176     1.1804221138389783
 5.4988822937     1.1825369072896827
 5.5023021698     1.1846447931572244
 5.5057220459     1.1867457671207802
 5.5091419220     1.1888398249775252
 5.5125617981     1.1909269626420849
 5.5159816742     1.1930071761459848
 5.5194015503     1.1950804616371005
 5.5228214264     1.1971468153790985
 5.5262413025     1.1992062337508793
 5.5296611786     1.2012587132460151
 5.5330810547     1.2033042504721840
 5.5365009308     1.2053428421506049
 5.5399208069     1.2073744851154637
 5.5433406830     1.2093991763133423
 5.5467605591     1.2114169128026409
 5.5501804352     1.2134276917530000
 5.5536003113     1.2154315104447182
 5.5570201874     1.2174283662681669
 5.5604400635     1.2194182567232039
 5.5638599396     1.2214011794185837
 5.5672798157     1.2233771320713633
 5.5706996918     1.2253461125063092
 5.5741195679     1.2273081186552979
 5.5775394440     1.2292631485567154
 5.5809593201     1.2312112003548554
 5.5843791962     1.2331522722993129
 5.5877990723     1.2350863627443767
 5.5912189484     1.2370134701484190
 5.5946388245     1.2389335930732821
 5.5980587006     1.2408467301836636
 5.6014785767     1.2427528802464984
 5.6048984528     1.2446520421303400
 5.6083183289     1.2465442148047359
 5.6117382050     1.2484293973396057
 5.6151580811     1.2503075889046125
 5.6185779572     1.2521787887685349
 5.6219978333     1.2540429962986352
 5.6254177094     1.2559002109600270
 5.6288375854     1.2577504323150381
 5.6322574615     1.2595936600225750
 5.6356773376     1.2614298938374819
 5.6390972137     1.2632591336098993
 5.6425170898     1.2650813792846205
 5.6459369659     1.2668966309004459
 5.6493568420     1.2687048885895360
 5.6527767181     1.2705061525767607
 5.6561965942     1.2723004231790489
 5.6596164703     1.2740877008047351
 5.6630363464     1.2758679859529041
 5.6664562225     1.2776412792127338
 5.6698760986     1.2794075812628378
 5.6732959747     1.2811668928706041
 5.6767158508     1.2829192148915332
 5.6801357269     1.2846645482685741
 5.6835556030     1.2864028940314602
 5.6869754791     1.2881342532960405
 5.6903953552     1.2898586272636128
 5.6938152313     1.2915760172202519
 5.6972351074     1.2932864245361406
 5.7006549835     1.2949898506648934
 5.7040748596     1.2966862971428841
 5.7074947357     1.2983757655885695
 5.7109146118     1.3000582577018114
 5.7143344879     1.3017337752631992
 5.7177543640     1.3034023201333680
 5.7211742401     1.3050638942523194
 5.7245941162     1.3067184996387367
 5.7280139923     1.3083661383893030
 5.7314338684     1.3100068126780156
 5.7348537445     1.3116405247554987
 5.7382736206     1.3132672769483182
 5.7416934967     1.3148870716582910
 5.7451133728     1.3164999113617970
 5.7485332489     1.3181057986090881
 5.7519531250     1.3197047360235969
 5.7553730011     1.3212967263012430
 5.7587928772     1.3228817722097417
 5.7622127533     1.3244598765879072
 5.7656326294     1.3260310423449593
 5.7690525055     1.3275952724598254
 5.7724723816     1.3291525699804456
 5.7758922577     1.3307029380230726
 5.7793121338     1.3322463797715753
 5.7827320099     1.3337828984767386
 5.7861518860     1.3353124974555630
 5.7895717621     1.3368351800905651
 5.7929916382     1.3383509498290755
 5.7964115143     1.3398598101825376
 5.7998313904     1.3413617647258040
 5.8032512665     1.3428568170964357
 5.8066711426     1.3443449709939963
 5.8100910187     1.3458262301793500
 5.8135108948     1.3473005984739557
 5.8169307709     1.3487680797591635
 5.8203506470     1.3502286779755086
 5.8237705231     1.3516823971220067
 5.8271903992     1.3531292412554476
 5.8306102753     1.3545692144896893
 5.8340301514     1.3560023209949512
 5.8374500275     1.3574285649971087
 5.8408699036     1.3588479507769855
 5.8442897797     1.3602604826696472
 5.8477096558     1.3616661650636934
 5.8511295319     1.3630650024005522
 5.8545494080     1.3644569991737714
 5.8579692841     1.3658421599283128
 5.8613891602     1.3672204892598439
 5.8648090363     1.3685919918140308
 5.8682289124     1.3699566722858321
 5.8716487885     1.3713145354187908
 5.8750686646     1.3726655860043282
 5.8784885406     1.3740098288810376
 5.8819084167     1.3753472689339759
 5.8853282928     1.3766779110939593
 5.8887481689     1.3780017603368573
 5.8921680450     1.3793188216828847
 5.8955879211     1.3806291001958992
 5.8990077972     1.3819326009826949
 5.9024276733     1.3832293291922968
 5.9058475494     1.3845192900152585
 5.9092674255     1.3858024886829563
 5.9126873016     1.3870789304668882
 5.9161071777     1.3883486206779692
 5.9195270538     1.3896115646658291
 5.9229469299     1.3908677678181123
 5.9263668060     1.3921172355597757
 5.9297866821     1.3933599733523874
 5.9332065582     1.3945959866934285
 5.9366264343     1.3958252811155933
 5.9400463104     1.3970478621860907
 5.9434661865     1.3982637355059464
 5.9468860626     1.3994729067093070
 5.9503059387     1.4006753814627437
 5.9537258148     1.4018711654645555
 5.9571456909     1.4030602644440773
 5.9605655670     1.4042426841609852
 5.9639854431     1.4054184304046038
 5.9674053192     1.4065875089932163
 5.9708251953     1.4077499257733717
 5.9742450714     1.4089056866191978
 5.9776649475     1.4100547974317106
 5.9810848236     1.4111972641381287
 5.9845046997     1.4123330926911861
 5.9879245758     1.4134622890684483
 5.9913444519     1.4145848592716272
 5.9947643280     1.4157008093258989
 5.9981842041     1.4168101452792230
 6.0016040802     1.4179128732016619
 6.0050239563     1.4190089991847019
 6.0084438324     1.4200985293405761
 6.0118637085     1.4211814698015885
 6.0152835846     1.4222578267194392
 6.0187034607     1.4233276062645497
 6.0221233368     1.4243908146253936
 6.0255432129     1.4254474580078242
 6.0289630890     1.4264975426344073
 6.0323829651     1.4275410747437520
 6.0358028412     1.4285780605898468
 6.0392227173     1.4296085064413946
 6.0426425934     1.4306324185811499
 6.0460624695     1.4316498033052589
 6.0494823456     1.4326606669225996
 6.0529022217     1.4336650157541244
 6.0563220978     1.4346628561322050
 6.0597419739     1.4356541943999781
 6.0631618500     1.4366390369106927
 6.0665817261     1.4376173900270608
 6.0700016022     1.4385892601206083
 6.0734214783     1.4395546535710291
 6.0768413544     1.4405135767655390
 6.0802612305     1.4414660360982354
 6.0836811066     1.4424120379694543
 6.0871009827     1.4433515887851320
 6.0905208588     1.4442846949561705
 6.0939407349     1.4452113628977992
 6.0973606110     1.4461315990289458
 6.1007804871     1.4470454097716032
 6.1042003632     1.4479528015502034
 6.1076202393     1.4488537807909891
 6.1110401154     1.4497483539213920
 6.1144599915     1.4506365273694088
 6.1178798676     1.4515183075629836
 6.1212997437     1.4523937009293890
 6.1247196198     1.4532627138946124
 6.1281394958     1.4541253528827431
 6.1315593719     1.4549816243153613
 6.1349792480     1.4558315346109310
 6.1383991241     1.4566750901841945
 6.1418190002     1.4575122974455681
 6.1452388763     1.4583431628005434
 6.1486587524     1.4591676926490882
 6.1520786285     1.4599858933850498
 6.1554985046     1.4607977713955642
 6.1589183807     1.4616033330604634
 6.1623382568     1.4624025847516888
 6.1657581329     1.4631955328327055
 6.1691780090     1.4639821836579197
 6.1725978851     1.4647625435720975
 6.1760177612     1.4655366189097898
 6.1794376373     1.4663044159947551
 6.1828575134     1.4670659411393903
 6.1862773895     1.4678212006441587
 6.1896972656     1.4685702007970258
 6.1931171417     1.4693129478728948
 6.1965370178     1.4700494481330459
 6.1999568939     1.4707797078245786
 6.2033767700     1.4715037331798566
 6.2067966461     1.4722215304159558
 6.2102165222     1.4729331057341151
 6.2136363983     1.4736384653191905
 6.2170562744     1.4743376153391108
 6.2204761505     1.4750305619443385
 6.2238960266     1.4757173112673327
 6.2273159027     1.4763978694220141
 6.2307357788     1.4770722425032337
 6.2341556549     1.4777404365862461
 6.2375755310     1.4784024577261836
 6.2409954071     1.4790583119575347
 6.2444152832     1.4797080052936251
 6.2478351593     1.4803515437261039
 6.2512550354     1.4809889332244288
 6.2546749115     1.4816201797353592
 6.2580947876     1.4822452891824498
 6.2615146637     1.4828642674655477
 6.2649345398     1.4834771204602939
 6.2683544159     1.4840838540176271
 6.2717742920     1.4846844739632914
 6.2751941681     1.4852789860973465
 6.2786140442     1.4858673961936830
 6.2820339203     1.4864497099995386
 6.2854537964     1.4870259332350200
 6.2888736725     1.4875960715926277
 6.2922935486     1.4881601307367829
 6.2957134247     1.4887181163033594
 6.2991333008     1.4892700338992184
 6.3025531769     1.4898158891017477
 6.3059730530     1.4903556874584014
 6.3093929291     1.4908894344862487
 6.3128128052     1.4914171356715191
 6.3162326813     1.4919387964691591
 6.3196525574     1.4924544223023850
 6.3230724335     1.4929640185622448
 6.3264923096     1.4934675906071819
 6.3299121857     1.4939651437626005
 6.3333320618     1.4944566833204389
 6.3367519379     1.4949422145387414
 6.3401718140     1.4954217426412402
 6.3435916901     1.4958952728169339
 6.3470115662     1.4963628102196760
 6.3504314423     1.4968243599677626
 6.3538513184     1.4972799271435275
 6.3572711945     1.4977295167929388
 6.3606910706     1.4981731339251989
 6.3641109467     1.4986107835123521
 6.3675308228     1.4990424704888901
 6.3709506989     1.4994681997513672
 6.3743705750     1.4998879761580159
 6.3777904510     1.5003018045283674
 6.3812103271     1.5007096896428764
 6.3846302032     1.5011116362425487
 6.3880500793     1.5015076490285750
 6.3914699554     1.5018977326619649
 6.3948898315     1.5022818917631899
 6.3983097076     1.5026601309118255
 6.4017295837     1.5030324546462008
 6.4051494598     1.5033988674630505
 6.4085693359     1.5037593738171711
 6.4119892120     1.5041139781210826
 6.4154090881     1.5044626847446905
 6.4188289642     1.5048054980149574
 6.4222488403     1.5051424222155743
 6.4256687164     1.5054734615866376
 6.4290885925     1.5057986203243303
 6.4325084686     1.5061179025806068
 6.4359283447     1.5064313124628839
 6.4393482208     1.5067388540337314
 6.4427680969     1.5070405313105728
 6.4461879730     1.5073363482653859
 6.4496078491     1.5076263088244088
 6.4530277252     1.5079104168678508
 6.4564476013     1.5081886762296062
 6.4598674774     1.5084610906969749
 6.4632873535     1.5087276640103835
 6.4667072296     1.5089883998631144
 6.4701271057     1.5092433019010363
 6.4735469818     1.5094923737223411
 6.4769668579     1.5097356188772832
 6.4803867340     1.5099730408679264
 6.4838066101     1.5102046431478895
 6.4872264862     1.5104304291221025
 6.4906463623     1.5106504021465630
 6.4940662384     1.5108645655280981
 6.4974861145     1.5110729225241322
 6.5009059906     1.5112754763424556
 6.5043258667     1.5114722301410017
 6.5077457428     1.5116631870276258
 6.5111656189     1.5118483500598887
 6.5145854950     1.5120277222448459
 6.5180053711     1.5122013065388402
 6.5214252472     1.5123691058472988
 6.5248451233     1.5125311230245346
 6.5282649994     1.5126873608735540
 6.5316848755     1.5128378221458663
 6.5351047516     1.5129825095412988
 6.5385246277     1.5131214257078169
 6.5419445038     1.5132545732413478
 6.5453643799     1.5133819546856098
 6.5487842560     1.5135035725319446
 6.5522041321     1.5136194292191556
 6.5556240082     1.5137295271333495
 6.5590438843     1.5138338686077830
 6.5624637604     1.5139324559227143
 6.5658836365     1.5140252913052581
 6.5693035126     1.5141123769292477
 6.5727233887     1.5141937149150970
 6.5761432648     1.5142693073296727
 6.5795631409     1.5143391561861648
 6.5829830170     1.5144032634439697
 6.5864028931     1.5144616310085686
 6.5898227692     1.5145142607314177
 6.5932426453     1.5145611544098405
 6.5966625214     1.5146023137869236
 6.6000823975     1.5146377405514173
 6.6035022736     1.5146674363376440
 6.6069221497     1.5146914027254066
 6.6103420258     1.5147096412399041
 6.6137619019     1.5147221533516526
 6.6171817780     1.5147289404764073
 6.6206016541     1.5147300039750937
 6.6240215302     1.5147253451537395
 6.6274414062     1.5147149652634142
 6.6308612823     1.5146988655001703
 6.6342811584     1.5146770470049919
 6.6377010345     1.5146495108637468
 6.6411209106     1.5146162581071414
 6.6445407867     1.5145772897106844
 6.6479606628     1.5145326065946509
 6.6513805389     1.5144822096240538
 6.6548004150     1.5144260996086185
 6.6582202911     1.5143642773027617
 6.6616401672     1.5142967434055787
 6.6650600433     1.5142234985608292
 6.6684799194     1.5141445433569325
 6.6718997955     1.5140598783269661
 6.6753196716     1.5139695039486669
 6.6787395477     1.5138734206444413
 6.6821594238     1.5137716287813747
 6.6855792999     1.5136641286712504
 6.6889991760     1.5135509205705686
 6.6924190521     1.5134320046805758
 6.6958389282     1.5133073811472917
 6.6992588043     1.5131770500615480
 6.7026786804     1.5130410114590251
 6.7060985565     1.5128992653202993
 6.7095184326     1.5127518115708898
 6.7129383087     1.5125986500813140
 6.7163581848     1.5124397806671448
 6.7197780609     1.5122752030890738
 6.7231979370     1.5121049170529797
 6.7266178131     1.5119289222099994
 6.7300376892     1.5117472181566047
 6.7334575653     1.5115598044346852
 6.7368774414     1.5113666805316317
 6.7402973175     1.5111678458804292
 6.7437171936     1.5109632998597511
 6.7471370697     1.5107530417940584
 6.7505569458     1.5105370709537043
 6.7539768219     1.5103153865550434
 6.7573966980     1.5100879877605446
 6.7608165741     1.5098548736789099
 6.7642364502     1.5096160433651957
 6.7676563263     1.5093714958209405
 6.7710762024     1.5091212299942975
 6.7744960785     1.5088652447801685
 6.7779159546     1.5086035390203472
 6.7813358307     1.5083361115036622
 6.7847557068     1.5080629609661278
 6.7881755829     1.5077840860910985
 6.7915954590     1.5074994855094275
 6.7950153351     1.5072091577996296
 6.7984352112     1.5069131014880486
 6.8018550873     1.5066113150490310
 6.8052749634     1.5063037969051019
 6.8086948395     1.5059905454271454
 6.8121147156     1.5056715589345915
 6.8155345917     1.5053468356956059
 6.8189544678     1.5050163739272835
 6.8223743439     1.5046801717958491
 6.8257942200     1.5043382274168591
 6.8292140961     1.5039905388554109
 6.8326339722     1.5036371041263541
 6.8360538483     1.5032779211945071
 6.8394737244     1.5029129879748786
 6.8428936005     1.5025423023328928
 6.8463134766     1.5021658620846194
 6.8497333527     1.5017836649970080
 6.8531532288     1.5013957087881247
 6.8565731049     1.5010019911273980
 6.8599929810     1.5006025096358635
 6.8634128571     1.5001972618864157
 6.8668327332     1.4997862454040660
 6.8702526093     1.4993694576661993
 6.8736724854     1.4989468961028414
 6.8770923615     1.4985185580969254
 6.8805122375     1.4980844409845666
 6.8839321136     1.4976445420553381
 6.8873519897     1.4971988585525531
 6.8907718658     1.4967473876735498
 6.8941917419     1.4962901265699813
 6.8976116180     1.4958270723481115
 6.9010314941     1.4953582220691102
 6.9044513702     1.4948835727493579
 6.9078712463     1.4944031213607509
 6.9112911224     1.4939168648310139
 6.9147109985     1.4934248000440120
 6.9181308746     1.4929269238400724
 6.9215507507     1.4924232330163059
 6.9249706268     1.4919137243269351
 6.9283905029     1.4913983944836240
 6.9318103790     1.4908772401558150
 6.9352302551     1.4903502579710683
 6.9386501312     1.4898174445154029
 6.9420700073     1.4892787963336473
 6.9454898834     1.4887343099297889
 6.9489097595     1.4881839817673295
 6.9523296356     1.4876278082696457
 6.9557495117     1.4870657858203509
 6.9591693878     1.4864979107636636
 6.9625892639     1.4859241794047784
 6.9660091400     1.4853445880102409
 6.9694290161     1.4847591328083269
 6.9728488922     1.4841678099894249
 6.9762687683     1.4835706157064239
 6.9796886444     1.4829675460751024
 6.9831085205     1.4823585971745246
 6.9865283966     1.4817437650474368
 6.9899482727     1.4811230457006714
 6.9933681488     1.4804964351055507
 6.9967880249     1.4798639291982982
 7.0002079010     1.4792255238804506
