 0.0000000000     1.0000000000000000
 0.0034196386     0.9999941587448120
 0.0068392772     0.9999766349792480
 0.0102589158     0.9999473690986633
 0.0136785544     0.9999064207077026
 0.0170981921     0.9998538494110107
 0.0205178298     0.9997895359992981
 0.0239374675     0.9997135400772095
 0.0273571052     0.9996258020401001
 0.0307767428     0.9995264410972595
 0.0341963805     0.9994153380393982
 0.0376160182     0.9992926120758057
 0.0410356559     0.9991581439971924
 0.0444552936     0.9990120530128479
 0.0478749312     0.9988542199134827
 0.0512945689     0.9986847043037415
 0.0547142066     0.9985035657882690
 0.0581338443     0.9983106851577759
 0.0615534820     0.9981061816215515
 0.0649731234     0.9978899955749512
 0.0683927611     0.9976621270179749
 0.0718123987     0.9974225759506226
 0.0752320364     0.9971714019775391
 0.0786516741     0.9969085454940796
 0.0820713118     0.9966340661048889
 0.0854909495     0.9963478446006775
 0.0889105871     0.9960500597953796
 0.0923302248     0.9957405924797058
 0.0957498625     0.9954195022583008
 0.0991695002     0.9950867295265198
 0.1025891379     0.9947423338890076
 0.1060087755     0.9943863153457642
 0.1094284132     0.9940186738967896
 0.1128480509     0.9936394095420837
 0.1162676886     0.9932485222816467
 0.1196873263     0.9928460121154785
 0.1231069639     0.9924318790435791
 0.1265266091     0.9920061826705933
 0.1299462467     0.9915688633918762
 0.1333658844     0.9911199212074280
 0.1367855221     0.9906594157218933
 0.1402051598     0.9901873469352722
 0.1436247975     0.9897036552429199
 0.1470444351     0.9892084598541260
 0.1504640728     0.9887016415596008
 0.1538837105     0.9881832599639893
 0.1573033482     0.9876533150672913
 0.1607229859     0.9871118664741516
 0.1641426235     0.9865587949752808
 0.1675622612     0.9859942793846130
 0.1709818989     0.9854182004928589
 0.1744015366     0.9848305583000183
 0.1778211743     0.9842314124107361
 0.1812408119     0.9836208224296570
 0.1846604496     0.9829986691474915
 0.1880800873     0.9823650121688843
 0.1914997250     0.9817199110984802
 0.1949193627     0.9810633063316345
 0.1983390003     0.9803951978683472
 0.2017586380     0.9797156453132629
 0.2051782757     0.9790246486663818
 0.2085979134     0.9783222079277039
 0.2120175511     0.9776083230972290
 0.2154371887     0.9768830537796021
 0.2188568264     0.9761462807655334
 0.2222764641     0.9753981232643127
 0.2256961018     0.9746385812759399
 0.2291157395     0.9738675951957703
 0.2325353771     0.9730852842330933
 0.2359550148     0.9722915291786194
 0.2393746525     0.9714864492416382
 0.2427942902     0.9706699848175049
 0.2462139279     0.9698421359062195
 0.2496335655     0.9690030217170715
 0.2530532181     0.9681525230407715
 0.2564728558     0.9672906994819641
 0.2598924935     0.9664176106452942
 0.2633121312     0.9655331969261169
 0.2667317688     0.9646374583244324
 0.2701514065     0.9637305140495300
 0.2735710442     0.9628122448921204
 0.2769906819     0.9618827104568481
 0.2804103196     0.9609419703483582
 0.2838299572     0.9599899649620056
 0.2872495949     0.9590267539024353
 0.2906692326     0.9580522775650024
 0.2940888703     0.9570666551589966
 0.2975085080     0.9560698270797729
 0.3009281456     0.9550617933273315
 0.3043477833     0.9540426135063171
 0.3077674210     0.9530122876167297
 0.3111870587     0.9519707560539246
 0.3146066964     0.9509181380271912
 0.3180263340     0.9498544335365295
 0.3214459717     0.9487795829772949
 0.3248656094     0.9476936459541321
 0.3282852471     0.9465966224670410
 0.3317048848     0.9454885125160217
 0.3351245224     0.9443693757057190
 0.3385441601     0.9432391524314880
 0.3419637978     0.9420979619026184
 0.3453834355     0.9409456849098206
 0.3488030732     0.9397824406623840
 0.3522227108     0.9386082291603088
 0.3556423485     0.9374229907989502
 0.3590619862     0.9362268447875977
 0.3624816239     0.9350197315216064
 0.3659012616     0.9338016510009766
 0.3693208992     0.9325727224349976
 0.3727405369     0.9313328266143799
 0.3761601746     0.9300820827484131
 0.3795798123     0.9288204312324524
 0.3829994500     0.9275479316711426
 0.3864190876     0.9262645244598389
 0.3898387253     0.9249703884124756
 0.3932583630     0.9236653447151184
 0.3966780007     0.9223495721817017
 0.4000976384     0.9210229516029358
 0.4035172760     0.9196856021881104
 0.4069369137     0.9183374643325806
 0.4103565514     0.9169786572456360
 0.4137761891     0.9156090617179871
 0.4171958268     0.9142287969589233
 0.4206154644     0.9128378033638000
 0.4240351021     0.9114361405372620
 0.4274547398     0.9100238680839539
 0.4308743775     0.9086009263992310
 0.4342940152     0.9071673154830933
 0.4377136528     0.9057231545448303
 0.4411332905     0.9042683839797974
 0.4445529282     0.9028030037879944
 0.4479725659     0.9013271331787109
 0.4513922036     0.8998406529426575
 0.4548118412     0.8983436822891235
 0.4582314789     0.8968362212181091
 0.4616511166     0.8953182697296143
 0.4650707543     0.8937898278236389
 0.4684903920     0.8922509551048279
 0.4719100296     0.8907016515731812
 0.4753296673     0.8891419172286987
 0.4787493050     0.8875717520713806
 0.4821689427     0.8859912753105164
 0.4855885804     0.8844003677368164
 0.4890082181     0.8827992081642151
 0.4924278557     0.8811876177787781
 0.4958474934     0.8795658349990845
 0.4992671311     0.8779336810112000
 0.5026867986     0.8762912750244141
 0.5061064363     0.8746386170387268
 0.5095260739     0.8729757666587830
 0.5129457116     0.8713026642799377
 0.5163653493     0.8696194291114807
 0.5197849870     0.8679260015487671
 0.5232046247     0.8662224411964417
 0.5266242623     0.8645086884498596
 0.5300439000     0.8627848625183105
 0.5334635377     0.8610509634017944
 0.5368831754     0.8593069911003113
 0.5403028131     0.8575529456138611
 0.5437224507     0.8557888865470886
 0.5471420884     0.8540148138999939
 0.5505617261     0.8522307872772217
 0.5539813638     0.8504367470741272
 0.5574010015     0.8486328125000000
 0.5608206391     0.8468189239501953
 0.5642402768     0.8449951410293579
 0.5676599145     0.8431614637374878
 0.5710795522     0.8413179516792297
 0.5744991899     0.8394645452499390
 0.5779188275     0.8376013636589050
 0.5813384652     0.8357284069061279
 0.5847581029     0.8338456153869629
 0.5881777406     0.8319531083106995
 0.5915973783     0.8300508856773376
 0.5950170159     0.8281389474868774
 0.5984366536     0.8262173533439636
 0.6018562913     0.8242860436439514
 0.6052759290     0.8223451375961304
 0.6086955667     0.8203945755958557
 0.6121152043     0.8184344768524170
 0.6155348420     0.8164647221565247
 0.6189544797     0.8144854903221130
 0.6223741174     0.8124967217445374
 0.6257937551     0.8104984164237976
 0.6292133927     0.8084906935691833
 0.6326330304     0.8064734935760498
 0.6360526681     0.8044468164443970
 0.6394723058     0.8024107813835144
 0.6428919435     0.8003653287887573
 0.6463115811     0.7983105778694153
 0.6497312188     0.7962464094161987
 0.6531508565     0.7941730022430420
 0.6565704942     0.7920902967453003
 0.6599901319     0.7899982929229736
 0.6634097695     0.7878970503807068
 0.6668294072     0.7857866287231445
 0.6702490449     0.7836669683456421
 0.6736686826     0.7815381884574890
 0.6770883203     0.7794002890586853
 0.6805079579     0.7772532105445862
 0.6839275956     0.7750970721244812
 0.6873472333     0.7729318737983704
 0.6907668710     0.7707576751708984
 0.6941865087     0.7685744166374207
 0.6976061463     0.7663821578025818
 0.7010257840     0.7641809582710266
 0.7044454217     0.7619708180427551
 0.7078650594     0.7597517967224121
 0.7112846971     0.7575238347053528
 0.7147043347     0.7552870512008667
 0.7181239724     0.7530414462089539
 0.7215436101     0.7507870197296143
 0.7249632478     0.7485237717628479
 0.7283828855     0.7462518215179443
 0.7318025231     0.7439711689949036
 0.7352221608     0.7416817545890808
 0.7386417985     0.7393836975097656
 0.7420614362     0.7370769977569580
 0.7454810739     0.7347616553306580
 0.7489007115     0.7324377298355103
 0.7523203492     0.7301052808761597
 0.7557399869     0.7277642488479614
 0.7591596246     0.7254146933555603
 0.7625792623     0.7230566740036011
 0.7659988999     0.7206902503967285
 0.7694185376     0.7183153033256531
 0.7728381753     0.7159320116043091
 0.7762578130     0.7135403752326965
 0.7796774507     0.7111403346061707
 0.7830970883     0.7087320089340210
 0.7865167260     0.7063153982162476
 0.7899363637     0.7038905024528503
 0.7933560014     0.7014573812484741
 0.7967756391     0.6990160942077637
 0.8001952767     0.6965666413307190
 0.8036149144     0.6941089630126953
 0.8070345521     0.6916432380676270
 0.8104541898     0.6891694068908691
 0.8138738275     0.6866875290870667
 0.8172934651     0.6841976046562195
 0.8207131028     0.6816996335983276
 0.8241327405     0.6791937351226807
 0.8275523782     0.6766799092292786
 0.8309720159     0.6741581559181213
 0.8343916535     0.6716285347938538
 0.8378112912     0.6690910458564758
 0.8412309289     0.6665456891059875
 0.8446505666     0.6639925837516785
 0.8480702043     0.6614317297935486
 0.8514898419     0.6588631272315979
 0.8549094796     0.6562868356704712
 0.8583291173     0.6537027955055237
 0.8617487550     0.6511111855506897
 0.8651683927     0.6485119462013245
 0.8685880303     0.6459051370620728
 0.8720076680     0.6432907581329346
 0.8754273057     0.6406688094139099
 0.8788469434     0.6380394101142883
 0.8822665811     0.6354025602340698
 0.8856862187     0.6327582597732544
 0.8891058564     0.6301065683364868
 0.8925254941     0.6274475455284119
 0.8959451318     0.6247811317443848
 0.8993647695     0.6221074461936951
 0.9027844071     0.6194264888763428
 0.9062040448     0.6167382597923279
 0.9096236825     0.6140428185462952
 0.9130433202     0.6113402247428894
 0.9164629579     0.6086304187774658
 0.9198825955     0.6059135794639587
 0.9233022332     0.6031895875930786
 0.9267218709     0.6004585623741150
 0.9301415086     0.5977205634117126
 0.9335611463     0.5949755311012268
 0.9369807839     0.5922235250473022
 0.9404004216     0.5894646048545837
 0.9438200593     0.5866988301277161
 0.9472396970     0.5839261412620544
 0.9506593347     0.5811466574668884
 0.9540789723     0.5783603787422180
 0.9574986100     0.5755673050880432
 0.9609182477     0.5727674961090088
 0.9643378854     0.5699610710144043
 0.9677575231     0.5671479105949402
 0.9711771607     0.5643281340599060
 0.9745967984     0.5615017414093018
 0.9780164361     0.5586687922477722
 0.9814360738     0.5558293461799622
 0.9848557115     0.5529833436012268
 0.9882753491     0.5501309037208557
 0.9916949868     0.5472720265388489
 0.9951146245     0.5444067716598511
 0.9985342622     0.5415350794792175
 1.0019539595     0.5386570692062378
 1.0053735971     0.5357728004455566
 1.0087932348     0.5328822731971741
 1.0122128725     0.5299854874610901
 1.0156325102     0.5270825028419495
 1.0190521479     0.5241733789443970
 1.0224717855     0.5212581157684326
 1.0258914232     0.5183367729187012
 1.0293110609     0.5154093503952026
 1.0327306986     0.5124759078025818
 1.0361503363     0.5095364451408386
 1.0395699739     0.5065910816192627
 1.0429896116     0.5036397576332092
 1.0464092493     0.5006825327873230
 1.0498288870     0.4977194666862488
 1.0532485247     0.4947505891323090
 1.0566681623     0.4917759001255035
 1.0600878000     0.4887954890727997
 1.0635074377     0.4858093559741974
 1.0669270754     0.4828175306320190
 1.0703467131     0.4798200726509094
 1.0737663507     0.4768169820308685
 1.0771859884     0.4738083481788635
 1.0806056261     0.4707941412925720
 1.0840252638     0.4677744507789612
 1.0874449015     0.4647492766380310
 1.0908645391     0.4617186784744263
 1.0942841768     0.4586826562881470
 1.0977038145     0.4556412994861603
 1.1011234522     0.4525946080684662
 1.1045430899     0.4495426118373871
 1.1079627275     0.4464853703975677
 1.1113823652     0.4434229135513306
 1.1148020029     0.4403552711009979
 1.1182216406     0.4372824728488922
 1.1216412783     0.4342045485973358
 1.1250609159     0.4311215579509735
 1.1284805536     0.4280335307121277
 1.1319001913     0.4249404966831207
 1.1353198290     0.4218424856662750
 1.1387394667     0.4187395274639130
 1.1421591043     0.4156317114830017
 1.1455787420     0.4125190079212189
 1.1489983797     0.4094014763832092
 1.1524180174     0.4062791764736176
 1.1558376551     0.4031521081924438
 1.1592572927     0.4000203311443329
 1.1626769304     0.3968838751316071
 1.1660965681     0.3937427997589111
 1.1695162058     0.3905971050262451
 1.1729358435     0.3874468207359314
 1.1763554811     0.3842920362949371
 1.1797751188     0.3811327517032623
 1.1831947565     0.3779689967632294
 1.1866143942     0.3748008310794830
 1.1900340319     0.3716282844543457
 1.1934536695     0.3684513866901398
 1.1968733072     0.3652701675891876
 1.2002929449     0.3620847165584564
 1.2037125826     0.3588950037956238
 1.2071322203     0.3557010889053345
 1.2105518579     0.3525030314922333
 1.2139714956     0.3493008315563202
 1.2173911333     0.3460945487022400
 1.2208107710     0.3428842425346375
 1.2242304087     0.3396699130535126
 1.2276500463     0.3364516198635101
 1.2310696840     0.3332293629646301
 1.2344893217     0.3300032317638397
 1.2379089594     0.3267732560634613
 1.2413285971     0.3235394358634949
 1.2447482347     0.3203018307685852
 1.2481678724     0.3170605003833771
 1.2515875101     0.3138154447078705
 1.2550071478     0.3105667233467102
 1.2584267855     0.3073143661022186
 1.2618464231     0.3040584325790405
 1.2652660608     0.3007989227771759
 1.2686856985     0.2975358963012695
 1.2721053362     0.2942694127559662
 1.2755249739     0.2909994721412659
 1.2789446115     0.2877261340618134
 1.2823642492     0.2844494283199310
 1.2857838869     0.2811693847179413
 1.2892035246     0.2778860628604889
 1.2926231623     0.2745994925498962
 1.2960427999     0.2713097035884857
 1.2994624376     0.2680167555809021
 1.3028820753     0.2647206783294678
 1.3063017130     0.2614215016365051
 1.3097213507     0.2581192553043365
 1.3131409883     0.2548139989376068
 1.3165606260     0.2515057623386383
 1.3199802637     0.2481945753097534
 1.3233999014     0.2448804825544357
 1.3268195391     0.2415635436773300
 1.3302391768     0.2382437735795975
 1.3336588144     0.2349212169647217
 1.3370784521     0.2315959036350250
 1.3404980898     0.2282678931951523
 1.3439177275     0.2249372154474258
 1.3473373652     0.2216039001941681
 1.3507570028     0.2182679921388626
 1.3541766405     0.2149295359849930
 1.3575962782     0.2115885764360428
 1.3610159159     0.2082451283931732
 1.3644355536     0.2048992514610291
 1.3678551912     0.2015509754419327
 1.3712748289     0.1982003450393677
 1.3746944666     0.1948473900556564
 1.3781141043     0.1914921700954437
 1.3815337420     0.1881347000598907
 1.3849533796     0.1847750246524811
 1.3883730173     0.1814132034778595
 1.3917926550     0.1780492514371872
 1.3952122927     0.1746832281351089
 1.3986319304     0.1713151484727859
 1.4020515680     0.1679450720548630
 1.4054712057     0.1645730286836624
 1.4088908434     0.1611990630626678
 1.4123104811     0.1578232049942017
 1.4157301188     0.1544455140829086
 1.4191497564     0.1510660052299500
 1.4225693941     0.1476847380399704
 1.4259890318     0.1443017423152924
 1.4294086695     0.1409170627593994
 1.4328283072     0.1375307291746140
 1.4362479448     0.1341427862644196
 1.4396675825     0.1307532787322998
 1.4430872202     0.1273622363805771
 1.4465068579     0.1239697113633156
 1.4499264956     0.1205757409334183
 1.4533461332     0.1171803474426270
 1.4567657709     0.1137835904955864
 1.4601854086     0.1103855073451996
 1.4636050463     0.1069861277937889
 1.4670246840     0.1035854965448380
 1.4704443216     0.1001836583018303
 1.4738639593     0.0967806428670883
 1.4772835970     0.0933765023946762
 1.4807032347     0.0899712666869164
 1.4841228724     0.0865649729967117
 1.4875425100     0.0831576734781265
 1.4909621477     0.0797494053840637
 1.4943817854     0.0763401985168457
 1.4978014231     0.0729300975799561
 1.5012210608     0.0695191472768784
 1.5046406984     0.0661073848605156
 1.5080603361     0.0626948475837708
 1.5114799738     0.0592815764248371
 1.5148996115     0.0558676123619080
 1.5183192492     0.0524529963731766
 1.5217388868     0.0490377657115459
 1.5251585245     0.0456219613552094
 1.5285781622     0.0422056242823601
 1.5319977999     0.0387887917459011
 1.5354174376     0.0353715084493160
 1.5388370752     0.0319538116455078
 1.5422567129     0.0285357404500246
 1.5456763506     0.0251173339784145
 1.5490959883     0.0216986350715160
 1.5525156260     0.0182796828448772
 1.5559352636     0.0148605164140463
 1.5593549013     0.0114411758258939
 1.5627745390     0.0080217020586133
 1.5661941767     0.0046021337620914
 1.5696138144     0.0011825121473521
 1.5730334520    -0.0022371234372258
 1.5764530897    -0.0056567327119410
 1.5798727274    -0.0090762758627534
 1.5832923651    -0.0124957133084536
 1.5867120028    -0.0159150045365095
 1.5901316404    -0.0193341095000505
 1.5935512781    -0.0227529872208834
 1.5969709158    -0.0261716004461050
 1.6003905535    -0.0295899063348770
 1.6038101912    -0.0330078676342964
 1.6072298288    -0.0364254415035248
 1.6106494665    -0.0398425906896591
 1.6140691042    -0.0432592742145061
 1.6174887419    -0.0466754510998726
 1.6209083796    -0.0500910803675652
 1.6243280172    -0.0535061284899712
 1.6277476549    -0.0569205470383167
 1.6311672926    -0.0603342987596989
 1.6345869303    -0.0637473464012146
 1.6380065680    -0.0671596527099609
 1.6414262056    -0.0705711692571640
 1.6448458433    -0.0739818587899208
 1.6482654810    -0.0773916915059090
 1.6516851187    -0.0808006152510643
 1.6551047564    -0.0842085853219032
 1.6585243940    -0.0876155793666840
 1.6619440317    -0.0910215526819229
 1.6653636694    -0.0944264531135559
 1.6687833071    -0.0978302508592606
 1.6722029448    -0.1012329086661339
 1.6756225824    -0.1046343818306923
 1.6790422201    -0.1080346256494522
 1.6824618578    -0.1114336103200912
 1.6858814955    -0.1148312911391258
 1.6893011332    -0.1182276308536530
 1.6927207708    -0.1216225922107697
 1.6961404085    -0.1250161230564117
 1.6995600462    -0.1284081935882568
 1.7029796839    -0.1317987591028214
 1.7063993216    -0.1351877897977829
 1.7098189592    -0.1385752409696579
 1.7132385969    -0.1419610679149628
 1.7166582346    -0.1453452408313751
 1.7200778723    -0.1487277001142502
 1.7234975100    -0.1521084308624268
 1.7269171476    -0.1554873883724213
 1.7303367853    -0.1588645130395889
 1.7337564230    -0.1622397899627686
 1.7371760607    -0.1656131744384766
 1.7405956984    -0.1689846068620682
 1.7440153360    -0.1723540723323822
 1.7474349737    -0.1757215261459351
 1.7508546114    -0.1790869086980820
 1.7542742491    -0.1824502199888229
 1.7576938868    -0.1858113855123520
 1.7611135244    -0.1891703754663467
 1.7645331621    -0.1925271600484848
 1.7679527998    -0.1958816796541214
 1.7713724375    -0.1992339193820953
 1.7747920752    -0.2025838345289230
 1.7782117128    -0.2059313803911209
 1.7816313505    -0.2092765122652054
 1.7850509882    -0.2126191854476929
 1.7884706259    -0.2159593850374222
 1.7918902636    -0.2192970663309097
 1.7953099012    -0.2226321697235107
 1.7987295389    -0.2259646803140640
 1.8021491766    -0.2292945384979248
 1.8055688143    -0.2326217144727707
 1.8089884520    -0.2359461784362793
 1.8124080896    -0.2392678856849670
 1.8158277273    -0.2425867915153503
 1.8192473650    -0.2459028512239456
 1.8226670027    -0.2492160499095917
 1.8260866404    -0.2525263130664825
 1.8295062780    -0.2558336555957794
 1.8329259157    -0.2591379880905151
 1.8363455534    -0.2624392807483673
 1.8397651911    -0.2657375037670135
 1.8431848288    -0.2690326571464539
 1.8466044664    -0.2723246216773987
 1.8500241041    -0.2756134271621704
 1.8534437418    -0.2788989841938019
 1.8568633795    -0.2821812927722931
 1.8602830172    -0.2854603230953217
 1.8637026548    -0.2887359857559204
 1.8671222925    -0.2920082807540894
 1.8705419302    -0.2952771484851837
 1.8739615679    -0.2985425889492035
 1.8773812056    -0.3018045425415039
 1.8808008432    -0.3050629496574402
 1.8842204809    -0.3083177804946899
 1.8876401186    -0.3115690052509308
 1.8910597563    -0.3148165941238403
 1.8944793940    -0.3180605173110962
 1.8978990316    -0.3213007152080536
 1.9013186693    -0.3245371282100677
 1.9047383070    -0.3277697861194611
 1.9081579447    -0.3309985995292664
 1.9115775824    -0.3342235088348389
 1.9149972200    -0.3374445438385010
 1.9184168577    -0.3406616449356079
 1.9218364954    -0.3438747227191925
 1.9252561331    -0.3470838069915771
 1.9286757708    -0.3502888083457947
 1.9320954084    -0.3534897565841675
 1.9355150461    -0.3566865324974060
 1.9389346838    -0.3598791360855103
 1.9423543215    -0.3630675673484802
 1.9457739592    -0.3662517070770264
 1.9491935968    -0.3694315850734711
 1.9526132345    -0.3726071417331696
 1.9560328722    -0.3757783472537994
 1.9594525099    -0.3789451718330383
 1.9628721476    -0.3821075260639191
 1.9662917852    -0.3852654397487640
 1.9697114229    -0.3884188532829285
 1.9731310606    -0.3915677070617676
 1.9765506983    -0.3947120010852814
 1.9799703360    -0.3978516459465027
 1.9833899736    -0.4009866714477539
 1.9868096113    -0.4041169881820679
 1.9902292490    -0.4072425961494446
 1.9936488867    -0.4103634357452393
 1.9970685244    -0.4134794771671295
 2.0004882812    -0.4165907800197601
 2.0039079189    -0.4196971058845520
 2.0073275566    -0.4227985441684723
 2.0107471943    -0.4258950054645538
 2.0141668320    -0.4289865195751190
 2.0175864697    -0.4320729970932007
 2.0210061073    -0.4351544082164764
 2.0244257450    -0.4382307529449463
 2.0278453827    -0.4413019716739655
 2.0312650204    -0.4443680346012115
 2.0346846581    -0.4474288821220398
 2.0381042957    -0.4504845142364502
 2.0415239334    -0.4535348713397980
 2.0449435711    -0.4565799236297607
 2.0483632088    -0.4596196413040161
 2.0517828465    -0.4626539945602417
 2.0552024841    -0.4656829237937927
 2.0586221218    -0.4687063992023468
 2.0620417595    -0.4717244207859039
 2.0654613972    -0.4747368991374969
 2.0688810349    -0.4777438342571259
 2.0723006725    -0.4807451963424683
 2.0757203102    -0.4837409257888794
 2.0791399479    -0.4867309927940369
 2.0825595856    -0.4897153675556183
 2.0859792233    -0.4926940202713013
 2.0893988609    -0.4956668913364410
 2.0928184986    -0.4986340105533600
 2.0962381363    -0.5015952587127686
 2.0996577740    -0.5045506358146667
 2.1030774117    -0.5075001716613770
 2.1064970493    -0.5104437470436096
 2.1099166870    -0.5133813023567200
 2.1133363247    -0.5163128972053528
 2.1167559624    -0.5192384719848633
 2.1201756001    -0.5221579670906067
 2.1235952377    -0.5250713229179382
 2.1270148754    -0.5279785394668579
 2.1304345131    -0.5308796167373657
 2.1338541508    -0.5337744951248169
 2.1372737885    -0.5366630554199219
 2.1406934261    -0.5395454168319702
 2.1441130638    -0.5424214601516724
 2.1475327015    -0.5452911257743835
 2.1509523392    -0.5481544137001038
 2.1543719769    -0.5510113239288330
 2.1577916145    -0.5538617968559265
 2.1612112522    -0.5567057728767395
 2.1646308899    -0.5595431923866272
 2.1680505276    -0.5623741149902344
 2.1714701653    -0.5651984810829163
 2.1748898029    -0.5680162310600281
 2.1783094406    -0.5708273053169250
 2.1817290783    -0.5736317634582520
 2.1851487160    -0.5764294266700745
 2.1885683537    -0.5792204141616821
 2.1919879913    -0.5820046067237854
 2.1954076290    -0.5847820043563843
 2.1988272667    -0.5875525474548340
 2.2022469044    -0.5903162360191345
 2.2056665421    -0.5930730104446411
 2.2090861797    -0.5958228707313538
 2.2125058174    -0.5985657572746277
 2.2159254551    -0.6013016104698181
 2.2193450928    -0.6040304899215698
 2.2227647305    -0.6067522168159485
 2.2261843681    -0.6094669103622437
 2.2296040058    -0.6121745109558105
 2.2330236435    -0.6148748993873596
 2.2364432812    -0.6175680756568909
 2.2398629189    -0.6202540993690491
 2.2432825565    -0.6229328513145447
 2.2467021942    -0.6256042718887329
 2.2501218319    -0.6282684206962585
 2.2535414696    -0.6309251785278320
 2.2569611073    -0.6335746049880981
 2.2603807449    -0.6362166404724121
 2.2638003826    -0.6388511657714844
 2.2672200203    -0.6414782404899597
 2.2706396580    -0.6440978646278381
 2.2740592957    -0.6467099189758301
 2.2774789333    -0.6493144035339355
 2.2808985710    -0.6519113183021545
 2.2843182087    -0.6545006036758423
 2.2877378464    -0.6570822000503540
 2.2911574841    -0.6596561670303345
 2.2945771217    -0.6622223854064941
 2.2979967594    -0.6647808551788330
 2.3014163971    -0.6673315763473511
 2.3048360348    -0.6698744893074036
 2.3082556725    -0.6724095344543457
 2.3116753101    -0.6749367713928223
 2.3150949478    -0.6774560809135437
 2.3185145855    -0.6799674630165100
 2.3219342232    -0.6824709177017212
 2.3253538609    -0.6849663853645325
 2.3287734985    -0.6874538064002991
 2.3321931362    -0.6899332404136658
 2.3356127739    -0.6924045681953430
 2.3390324116    -0.6948678493499756
 2.3424520493    -0.6973229646682739
 2.3458716869    -0.6997699141502380
 2.3492913246    -0.7022086977958679
 2.3527109623    -0.7046392560005188
 2.3561306000    -0.7070615887641907
 2.3595502377    -0.7094756960868835
 2.3629698753    -0.7118814587593079
 2.3663895130    -0.7142788767814636
 2.3698091507    -0.7166679501533508
 2.3732287884    -0.7190486788749695
 2.3766484261    -0.7214210033416748
 2.3800680637    -0.7237848639488220
 2.3834877014    -0.7261402606964111
 2.3869073391    -0.7284871339797974
 2.3903269768    -0.7308255434036255
 2.3937466145    -0.7331553697586060
 2.3971662521    -0.7354766726493835
 2.4005858898    -0.7377893328666687
 2.4040055275    -0.7400933504104614
 2.4074251652    -0.7423887848854065
 2.4108448029    -0.7446754574775696
 2.4142644405    -0.7469534873962402
 2.4176840782    -0.7492227554321289
 2.4211037159    -0.7514832615852356
 2.4245233536    -0.7537349462509155
 2.4279429913    -0.7559778690338135
 2.4313626289    -0.7582119107246399
 2.4347822666    -0.7604371309280396
 2.4382019043    -0.7626534104347229
 2.4416215420    -0.7648608088493347
 2.4450411797    -0.7670592069625854
 2.4484608173    -0.7692487239837646
 2.4518804550    -0.7714291810989380
 2.4553000927    -0.7736006379127502
 2.4587197304    -0.7757630348205566
 2.4621393681    -0.7779163718223572
 2.4655590057    -0.7800605893135071
 2.4689786434    -0.7821957468986511
 2.4723982811    -0.7843216657638550
 2.4758179188    -0.7864384651184082
 2.4792375565    -0.7885460853576660
 2.4826571941    -0.7906444668769836
 2.4860768318    -0.7927336096763611
 2.4894964695    -0.7948134541511536
 2.4929161072    -0.7968840599060059
 2.4963357449    -0.7989453077316284
 2.4997553825    -0.8009971976280212
 2.5031750202    -0.8030397295951843
 2.5065946579    -0.8050729036331177
 2.5100142956    -0.8070966005325317
 2.5134339333    -0.8091109395027161
 2.5168535709    -0.8111157417297363
 2.5202732086    -0.8131111264228821
 2.5236928463    -0.8150969743728638
 2.5271124840    -0.8170732855796814
 2.5305321217    -0.8190400004386902
 2.5339517593    -0.8209971785545349
 2.5373713970    -0.8229447603225708
 2.5407910347    -0.8248827457427979
 2.5442106724    -0.8268110156059265
 2.5476303101    -0.8287296891212463
 2.5510499477    -0.8306385874748230
 2.5544695854    -0.8325378298759460
 2.5578892231    -0.8344273567199707
 2.5613088608    -0.8363071084022522
 2.5647284985    -0.8381770253181458
 2.5681481361    -0.8400372266769409
 2.5715677738    -0.8418875336647034
 2.5749874115    -0.8437280654907227
 2.5784070492    -0.8455586433410645
 2.5818266869    -0.8473793864250183
 2.5852463245    -0.8491902351379395
 2.5886659622    -0.8509911298751831
 2.5920855999    -0.8527820706367493
 2.5955052376    -0.8545630574226379
 2.5989248753    -0.8563340306282043
 2.6023445129    -0.8580949902534485
 2.6057641506    -0.8598459362983704
 2.6091837883    -0.8615868091583252
 2.6126034260    -0.8633176088333130
 2.6160230637    -0.8650383353233337
 2.6194427013    -0.8667489290237427
 2.6228623390    -0.8684493899345398
 2.6262819767    -0.8701396584510803
 2.6297016144    -0.8718197941780090
 2.6331212521    -0.8734897375106812
 2.6365408897    -0.8751494288444519
 2.6399605274    -0.8767989277839661
 2.6433801651    -0.8784381151199341
 2.6467998028    -0.8800671100616455
 2.6502194405    -0.8816857337951660
 2.6536390781    -0.8832941055297852
 2.6570587158    -0.8848921060562134
 2.6604783535    -0.8864797949790955
 2.6638979912    -0.8880571126937866
 2.6673176289    -0.8896240592002869
 2.6707372665    -0.8911805748939514
 2.6741569042    -0.8927266597747803
 2.6775765419    -0.8942623138427734
 2.6809961796    -0.8957875370979309
 2.6844158173    -0.8973022699356079
 2.6878354549    -0.8988065123558044
 2.6912550926    -0.9003002047538757
 2.6946747303    -0.9017834067344666
 2.6980943680    -0.9032560586929321
 2.7015140057    -0.9047181606292725
 2.7049336433    -0.9061696529388428
 2.7083532810    -0.9076105952262878
 2.7117729187    -0.9090408682823181
 2.7151925564    -0.9104605317115784
 2.7186121941    -0.9118695855140686
 2.7220318317    -0.9132679104804993
 2.7254514694    -0.9146556258201599
 2.7288711071    -0.9160326123237610
 2.7322907448    -0.9173988699913025
 2.7357103825    -0.9187543988227844
 2.7391300201    -0.9200991988182068
 2.7425496578    -0.9214332699775696
 2.7459692955    -0.9227564930915833
 2.7493889332    -0.9240689873695374
 2.7528085709    -0.9253706336021423
 2.7562282085    -0.9266614913940430
 2.7596478462    -0.9279415011405945
 2.7630674839    -0.9292106628417969
 2.7664871216    -0.9304689764976501
 2.7699067593    -0.9317163825035095
 2.7733263969    -0.9329528808593750
 2.7767460346    -0.9341784715652466
 2.7801656723    -0.9353931546211243
 2.7835853100    -0.9365969300270081
 2.7870049477    -0.9377897381782532
 2.7904245853    -0.9389715194702148
 2.7938442230    -0.9401423931121826
 2.7972638607    -0.9413022398948669
 2.8006834984    -0.9424510598182678
 2.8041031361    -0.9435889124870300
 2.8075227737    -0.9447156786918640
 2.8109424114    -0.9458314180374146
 2.8143620491    -0.9469361305236816
 2.8177816868    -0.9480296969413757
 2.8212013245    -0.9491122364997864
 2.8246209621    -0.9501836895942688
 2.8280405998    -0.9512439966201782
 2.8314602375    -0.9522931575775146
 2.8348798752    -0.9533312320709229
 2.8382995129    -0.9543581008911133
 2.8417191505    -0.9553738832473755
 2.8451387882    -0.9563784599304199
 2.8485584259    -0.9573718309402466
 2.8519780636    -0.9583539962768555
 2.8553977013    -0.9593250155448914
 2.8588173389    -0.9602847695350647
 2.8622369766    -0.9612333178520203
 2.8656566143    -0.9621706008911133
 2.8690762520    -0.9630966186523438
 2.8724958897    -0.9640114307403564
 2.8759155273    -0.9649149179458618
 2.8793351650    -0.9658071398735046
 2.8827548027    -0.9666880965232849
 2.8861744404    -0.9675577282905579
 2.8895940781    -0.9684160351753235
 2.8930137157    -0.9692630171775818
 2.8964333534    -0.9700986742973328
 2.8998529911    -0.9709230065345764
 2.9032726288    -0.9717359542846680
 2.9066922665    -0.9725375175476074
 2.9101119041    -0.9733277559280396
 2.9135315418    -0.9741066098213196
 2.9169511795    -0.9748740196228027
 2.9203708172    -0.9756301045417786
 2.9237904549    -0.9763747453689575
 2.9272100925    -0.9771079421043396
 2.9306297302    -0.9778297543525696
 2.9340493679    -0.9785400629043579
 2.9374690056    -0.9792389869689941
 2.9408886433    -0.9799264669418335
 2.9443082809    -0.9806025028228760
 2.9477279186    -0.9812670350074768
 2.9511475563    -0.9819200634956360
 2.9545671940    -0.9825616478919983
 2.9579868317    -0.9831917285919189
 2.9614064693    -0.9838103652000427
 2.9648261070    -0.9844174385070801
 2.9682457447    -0.9850130081176758
 2.9716653824    -0.9855970740318298
 2.9750850201    -0.9861695766448975
 2.9785046577    -0.9867305755615234
 2.9819242954    -0.9872800707817078
 2.9853439331    -0.9878180027008057
 2.9887635708    -0.9883443713188171
 2.9921832085    -0.9888591766357422
 2.9956028461    -0.9893624186515808
 2.9990224838    -0.9898540973663330
 3.0024421215    -0.9903341531753540
 3.0058617592    -0.9908027052879333
 3.0092813969    -0.9912596344947815
 3.0127010345    -0.9917049407958984
 3.0161206722    -0.9921386837959290
 3.0195403099    -0.9925608634948730
 3.0229599476    -0.9929713606834412
 3.0263795853    -0.9933702945709229
 3.0297992229    -0.9937576055526733
 3.0332188606    -0.9941332936286926
 3.0366384983    -0.9944973587989807
 3.0400581360    -0.9948498010635376
 3.0434777737    -0.9951906204223633
 3.0468974113    -0.9955197572708130
 3.0503170490    -0.9958372712135315
 3.0537366867    -0.9961431622505188
 3.0571563244    -0.9964373707771301
 3.0605759621    -0.9967199563980103
 3.0639955997    -0.9969908595085144
 3.0674152374    -0.9972501397132874
 3.0708348751    -0.9974977374076843
 3.0742545128    -0.9977336525917053
 3.0776741505    -0.9979578852653503
 3.0810937881    -0.9981704950332642
 3.0845134258    -0.9983714222908020
 3.0879330635    -0.9985606670379639
 3.0913527012    -0.9987382292747498
 3.0947723389    -0.9989041090011597
 3.0981919765    -0.9990583658218384
 3.1016116142    -0.9992008805274963
 3.1050312519    -0.9993317127227783
 3.1084508896    -0.9994508624076843
 3.1118705273    -0.9995583295822144
 3.1152901649    -0.9996541142463684
 3.1187098026    -0.9997382164001465
 3.1221294403    -0.9998105764389038
 3.1255490780    -0.9998713135719299
 3.1289687157    -0.9999203085899353
 3.1323883533    -0.9999576210975647
 3.1358079910    -0.9999832510948181
 3.1392276287    -0.9999971985816956
 3.1426472664    -0.9999994635581970
 3.1460669041    -0.9999899864196777
 3.1494865417    -0.9999688267707825
 3.1529061794    -0.9999359846115112
 3.1563258171    -0.9998914599418640
 3.1597454548    -0.9998352527618408
 3.1631650925    -0.9997673034667969
 3.1665847301    -0.9996877312660217
 3.1700043678    -0.9995964169502258
 3.1734240055    -0.9994934201240540
 3.1768436432    -0.9993787407875061
 3.1802632809    -0.9992523789405823
 3.1836829185    -0.9991143345832825
 3.1871025562    -0.9989646077156067
 3.1905221939    -0.9988031983375549
 3.1939418316    -0.9986301064491272
 3.1973614693    -0.9984453320503235
 3.2007811069    -0.9982488751411438
 3.2042007446    -0.9980407357215881
 3.2076203823    -0.9978209733963013
 3.2110400200    -0.9975895285606384
 3.2144596577    -0.9973464012145996
 3.2178792953    -0.9970915913581848
 3.2212989330    -0.9968251585960388
 3.2247185707    -0.9965470433235168
 3.2281382084    -0.9962572455406189
 3.2315578461    -0.9959558844566345
 3.2349774837    -0.9956427812576294
 3.2383971214    -0.9953181147575378
 3.2418167591    -0.9949817657470703
 3.2452363968    -0.9946337938308716
 3.2486560345    -0.9942741990089417
 3.2520756721    -0.9939029812812805
 3.2554953098    -0.9935200810432434
 3.2589149475    -0.9931256175041199
 3.2623345852    -0.9927195310592651
 3.2657542229    -0.9923018217086792
 3.2691738605    -0.9918725490570068
 3.2725934982    -0.9914316534996033
 3.2760131359    -0.9909791350364685
 3.2794327736    -0.9905150532722473
 3.2828524113    -0.9900394082069397
 3.2862720490    -0.9895521998405457
 3.2896916866    -0.9890533685684204
 3.2931113243    -0.9885429739952087
 3.2965309620    -0.9880210757255554
 3.2999505997    -0.9874875545501709
 3.3033702374    -0.9869425296783447
 3.3067898750    -0.9863859415054321
 3.3102095127    -0.9858178496360779
 3.3136291504    -0.9852381944656372
 3.3170487881    -0.9846470355987549
 3.3204684258    -0.9840443134307861
 3.3238880634    -0.9834301471710205
 3.3273077011    -0.9828044772148132
 3.3307273388    -0.9821673035621643
 3.3341469765    -0.9815186262130737
 3.3375666142    -0.9808585047721863
 3.3409862518    -0.9801868796348572
 3.3444058895    -0.9795038104057312
 3.3478255272    -0.9788092970848083
 3.3512451649    -0.9781032800674438
 3.3546648026    -0.9773858785629272
 3.3580844402    -0.9766570329666138
 3.3615040779    -0.9759168028831482
 3.3649237156    -0.9751651287078857
 3.3683433533    -0.9744020104408264
 3.3717629910    -0.9736275672912598
 3.3751826286    -0.9728416800498962
 3.3786022663    -0.9720444679260254
 3.3820219040    -0.9712358713150024
 3.3854415417    -0.9704158902168274
 3.3888611794    -0.9695845842361450
 3.3922808170    -0.9687419533729553
 3.3957004547    -0.9678879380226135
 3.3991200924    -0.9670226573944092
 3.4025397301    -0.9661460518836975
 3.4059593678    -0.9652581810951233
 3.4093790054    -0.9643589854240417
 3.4127986431    -0.9634485244750977
 3.4162182808    -0.9625267982482910
 3.4196379185    -0.9615938067436218
 3.4230575562    -0.9606495499610901
 3.4264771938    -0.9596940875053406
 3.4298968315    -0.9587274193763733
 3.4333164692    -0.9577495455741882
 3.4367361069    -0.9567604064941406
 3.4401557446    -0.9557601213455200
 3.4435753822    -0.9547486901283264
 3.4469950199    -0.9537260532379150
 3.4504146576    -0.9526922702789307
 3.4538342953    -0.9516473412513733
 3.4572539330    -0.9505912661552429
 3.4606735706    -0.9495241045951843
 3.4640932083    -0.9484458565711975
 3.4675128460    -0.9473565220832825
 3.4709324837    -0.9462560415267944
 3.4743521214    -0.9451445341110229
 3.4777717590    -0.9440219998359680
 3.4811913967    -0.9428883790969849
 3.4846110344    -0.9417437911033630
 3.4880306721    -0.9405881762504578
 3.4914503098    -0.9394215345382690
 3.4948699474    -0.9382438659667969
 3.4982895851    -0.9370552897453308
 3.5017092228    -0.9358557462692261
 3.5051288605    -0.9346452355384827
 3.5085484982    -0.9334238171577454
 3.5119681358    -0.9321914911270142
 3.5153877735    -0.9309482574462891
 3.5188074112    -0.9296941161155701
 3.5222270489    -0.9284291267395020
 3.5256466866    -0.9271532893180847
 3.5290663242    -0.9258666038513184
 3.5324859619    -0.9245690703392029
 3.5359055996    -0.9232607483863831
 3.5393252373    -0.9219415783882141
 3.5427448750    -0.9206116795539856
 3.5461645126    -0.9192709922790527
 3.5495841503    -0.9179195761680603
 3.5530037880    -0.9165574312210083
 3.5564234257    -0.9151845574378967
 3.5598430634    -0.9138009548187256
 3.5632627010    -0.9124066829681396
 3.5666823387    -0.9110017418861389
 3.5701019764    -0.9095861315727234
 3.5735216141    -0.9081599116325378
 3.5769412518    -0.9067230820655823
 3.5803608894    -0.9052756428718567
 3.5837805271    -0.9038175940513611
 3.5872001648    -0.9023489952087402
 3.5906198025    -0.9008698463439941
 3.5940394402    -0.8993801474571228
 3.5974590778    -0.8978799581527710
 3.6008787155    -0.8963692188262939
 3.6042983532    -0.8948480486869812
 3.6077179909    -0.8933163881301880
 3.6111376286    -0.8917742967605591
 3.6145572662    -0.8902217149734497
 3.6179769039    -0.8886588215827942
 3.6213965416    -0.8870854377746582
 3.6248161793    -0.8855017423629761
 3.6282358170    -0.8839076757431030
 3.6316554546    -0.8823032975196838
 3.6350750923    -0.8806886076927185
 3.6384947300    -0.8790635466575623
 3.6419143677    -0.8774282932281494
 3.6453340054    -0.8757827281951904
 3.6487536430    -0.8741269111633301
 3.6521732807    -0.8724609017372131
 3.6555929184    -0.8707846999168396
 3.6590125561    -0.8690983057022095
 3.6624321938    -0.8674017190933228
 3.6658518314    -0.8656949996948242
 3.6692714691    -0.8639782071113586
 3.6726911068    -0.8622512221336365
 3.6761107445    -0.8605142235755920
 3.6795303822    -0.8587671518325806
 3.6829500198    -0.8570100069046021
 3.6863696575    -0.8552428483963013
 3.6897892952    -0.8534657359123230
 3.6932089329    -0.8516786098480225
 3.6966285706    -0.8498815298080444
 3.7000482082    -0.8480744957923889
 3.7034678459    -0.8462575674057007
 3.7068874836    -0.8444306850433350
 3.7103071213    -0.8425939679145813
 3.7137267590    -0.8407474160194397
 3.7171463966    -0.8388910293579102
 3.7205660343    -0.8370248079299927
 3.7239856720    -0.8351488113403320
 3.7274053097    -0.8332630395889282
 3.7308249474    -0.8313675522804260
 3.7342445850    -0.8294623494148254
 3.7376642227    -0.8275473713874817
 3.7410838604    -0.8256227970123291
 3.7445034981    -0.8236885070800781
 3.7479231358    -0.8217446208000183
 3.7513427734    -0.8197911381721497
 3.7547624111    -0.8178280591964722
 3.7581820488    -0.8158553838729858
 3.7616016865    -0.8138732314109802
 3.7650213242    -0.8118814826011658
 3.7684409618    -0.8098803162574768
 3.7718605995    -0.8078696131706238
 3.7752802372    -0.8058494925498962
 3.7786998749    -0.8038199543952942
 3.7821195126    -0.8017809987068176
 3.7855391502    -0.7997326850891113
 3.7889587879    -0.7976750135421753
 3.7923784256    -0.7956079840660095
 3.7957980633    -0.7935317158699036
 3.7992177010    -0.7914461493492126
 3.8026373386    -0.7893512845039368
 3.8060569763    -0.7872472405433655
 3.8094766140    -0.7851339578628540
 3.8128962517    -0.7830114960670471
 3.8163158894    -0.7808798551559448
 3.8197355270    -0.7787391543388367
 3.8231551647    -0.7765892744064331
 3.8265748024    -0.7744303345680237
 3.8299944401    -0.7722623348236084
 3.8334140778    -0.7700853347778320
 3.8368337154    -0.7678993344306946
 3.8402533531    -0.7657042741775513
 3.8436729908    -0.7635003328323364
 3.8470926285    -0.7612874507904053
 3.8505122662    -0.7590656876564026
 3.8539319038    -0.7568349838256836
 3.8573515415    -0.7545954585075378
 3.8607711792    -0.7523471713066101
 3.8641908169    -0.7500900030136108
 3.8676104546    -0.7478240728378296
 3.8710300922    -0.7455494403839111
 3.8744497299    -0.7432660460472107
 3.8778693676    -0.7409740090370178
 3.8812890053    -0.7386732697486877
 3.8847086430    -0.7363638877868652
 3.8881282806    -0.7340459227561951
 3.8915479183    -0.7317193746566772
 3.8949675560    -0.7293842434883118
 3.8983871937    -0.7270405888557434
 3.9018068314    -0.7246884703636169
 3.9052264690    -0.7223278284072876
 3.9086461067    -0.7199587225914001
 3.9120657444    -0.7175812721252441
 3.9154853821    -0.7151953577995300
 3.9189050198    -0.7128010988235474
 3.9223246574    -0.7103985548019409
 3.9257442951    -0.7079876661300659
 3.9291639328    -0.7055684924125671
 3.9325835705    -0.7031410932540894
 3.9360032082    -0.7007054090499878
 3.9394228458    -0.6982616186141968
 3.9428424835    -0.6958096027374268
 3.9462621212    -0.6933494806289673
 3.9496817589    -0.6908811926841736
 3.9531013966    -0.6884048581123352
 3.9565210342    -0.6859205365180969
 3.9599406719    -0.6834281086921692
 3.9633603096    -0.6809277534484863
 3.9667799473    -0.6784193515777588
 3.9701995850    -0.6759030818939209
 3.9736192226    -0.6733788847923279
 3.9770388603    -0.6708468198776245
 3.9804584980    -0.6683069467544556
 3.9838781357    -0.6657592058181763
 3.9872977734    -0.6632037162780762
 3.9907174110    -0.6606404185295105
 3.9941370487    -0.6580694317817688
 3.9975566864    -0.6554907560348511
 4.0009765625    -0.6529042720794678
 4.0043964386    -0.6503100991249084
 4.0078163147    -0.6477082967758179
 4.0112361908    -0.6450989842414856
 4.0146560669    -0.6424820423126221
 4.0180759430    -0.6398576498031616
 4.0214958191    -0.6372257471084595
 4.0249156952    -0.6345864534378052
 4.0283355713    -0.6319396495819092
 4.0317554474    -0.6292855143547058
 4.0351753235    -0.6266239881515503
 4.0385951996    -0.6239551305770874
 4.0420150757    -0.6212790012359619
 4.0454349518    -0.6185956001281738
 4.0488548279    -0.6159049868583679
 4.0522747040    -0.6132071018218994
 4.0556945801    -0.6105021238327026
 4.0591144562    -0.6077899336814880
 4.0625343323    -0.6050707101821899
 4.0659542084    -0.6023443341255188
 4.0693740845    -0.5996109843254089
 4.0727939606    -0.5968705415725708
 4.0762138367    -0.5941231846809387
 4.0796337128    -0.5913688540458679
 4.0830535889    -0.5886076092720032
 4.0864734650    -0.5858394503593445
 4.0898933411    -0.5830644965171814
 4.0933132172    -0.5802826881408691
 4.0967330933    -0.5774940848350525
 4.1001529694    -0.5746987462043762
 4.1035728455    -0.5718967318534851
 4.1069927216    -0.5690879821777344
 4.1104125977    -0.5662725567817688
 4.1138324738    -0.5634505152702332
 4.1172523499    -0.5606219172477722
 4.1206722260    -0.5577867031097412
 4.1240921021    -0.5549450516700745
 4.1275119781    -0.5520968437194824
 4.1309318542    -0.5492421984672546
 4.1343517303    -0.5463811159133911
 4.1377716064    -0.5435136556625366
 4.1411914825    -0.5406398177146912
 4.1446113586    -0.5377597212791443
 4.1480312347    -0.5348732471466064
 4.1514511108    -0.5319805741310120
 4.1548709869    -0.5290816426277161
 4.1582908630    -0.5261765718460083
 4.1617107391    -0.5232653021812439
 4.1651306152    -0.5203479528427124
 4.1685504913    -0.5174245238304138
 4.1719703674    -0.5144950151443481
 4.1753902435    -0.5115594863891602
 4.1788101196    -0.5086179375648499
 4.1822299957    -0.5056704878807068
 4.1856498718    -0.5027171373367310
 4.1890697479    -0.4997578859329224
 4.1924896240    -0.4967927932739258
 4.1959095001    -0.4938218891620636
 4.1993293762    -0.4908452033996582
 4.2027492523    -0.4878627955913544
 4.2061691284    -0.4848746657371521
 4.2095890045    -0.4818808734416962
 4.2130088806    -0.4788814187049866
 4.2164287567    -0.4758763909339905
 4.2198486328    -0.4728657901287079
 4.2232685089    -0.4698496758937836
 4.2266883850    -0.4668280482292175
 4.2301082611    -0.4638009667396545
 4.2335281372    -0.4607684612274170
 4.2369480133    -0.4577305614948273
 4.2403678894    -0.4546872973442078
 4.2437877655    -0.4516387283802032
 4.2472076416    -0.4485848844051361
 4.2506275177    -0.4455257952213287
 4.2540473938    -0.4424614608287811
 4.2574672699    -0.4393920004367828
 4.2608871460    -0.4363173544406891
 4.2643070221    -0.4332376420497894
 4.2677268982    -0.4301528334617615
 4.2711467743    -0.4270630180835724
 4.2745666504    -0.4239681959152222
 4.2779865265    -0.4208684265613556
 4.2814064026    -0.4177637398242950
 4.2848262787    -0.4146541357040405
 4.2882461548    -0.4115397036075592
 4.2916660309    -0.4084204733371735
 4.2950859070    -0.4052964448928833
 4.2985057831    -0.4021676778793335
 4.3019256592    -0.3990342020988464
 4.3053455353    -0.3958960771560669
 4.3087654114    -0.3927533030509949
 4.3121852875    -0.3896059393882751
 4.3156051636    -0.3864540457725525
 4.3190250397    -0.3832975924015045
 4.3224449158    -0.3801366686820984
 4.3258647919    -0.3769713044166565
 4.3292846680    -0.3738015294075012
 4.3327045441    -0.3706274032592773
 4.3361244202    -0.3674489259719849
 4.3395442963    -0.3642661273479462
 4.3429641724    -0.3610790967941284
 4.3463840485    -0.3578878343105316
 4.3498039246    -0.3546923995018005
 4.3532238007    -0.3514927923679352
 4.3566436768    -0.3482891023159027
 4.3600635529    -0.3450813293457031
 4.3634834290    -0.3418695032596588
 4.3669033051    -0.3386536836624146
 4.3703231812    -0.3354339301586151
 4.3737430573    -0.3322102129459381
 4.3771629333    -0.3289826512336731
 4.3805828094    -0.3257512152194977
 4.3840026855    -0.3225159645080566
 4.3874225616    -0.3192769587039948
 4.3908424377    -0.3160342276096344
 4.3942623138    -0.3127877712249756
 4.3976821899    -0.3095376789569855
 4.4011020660    -0.3062839508056641
 4.4045219421    -0.3030266463756561
 4.4079418182    -0.2997657954692841
 4.4113616943    -0.2965014576911926
 4.4147815704    -0.2932336330413818
 4.4182014465    -0.2899623811244965
 4.4216213226    -0.2866877317428589
 4.4250411987    -0.2834097445011139
 4.4284610748    -0.2801284492015839
 4.4318809509    -0.2768438458442688
 4.4353008270    -0.2735560238361359
 4.4387207031    -0.2702650129795074
 4.4421405792    -0.2669708430767059
 4.4455604553    -0.2636735141277313
 4.4489803314    -0.2603731453418732
 4.4524002075    -0.2570697069168091
 4.4558200836    -0.2537632584571838
 4.4592399597    -0.2504538595676422
 4.4626598358    -0.2471415102481842
 4.4660797119    -0.2438262850046158
 4.4694995880    -0.2405082136392593
 4.4729194641    -0.2371873110532761
 4.4763393402    -0.2338636517524719
 4.4797592163    -0.2305372506380081
 4.4831790924    -0.2272081524133682
 4.4865989685    -0.2238763868808746
 4.4900188446    -0.2205420136451721
 4.4934387207    -0.2172050625085831
 4.4968585968    -0.2138655632734299
 4.5002784729    -0.2105235755443573
 4.5036983490    -0.2071791142225266
 4.5071182251    -0.2038322389125824
 4.5105381012    -0.2004829794168472
 4.5139579773    -0.1971313655376434
 4.5173778534    -0.1937774568796158
 4.5207977295    -0.1904212683439255
 4.5242176056    -0.1870628595352173
 4.5276374817    -0.1837022602558136
 4.5310573578    -0.1803395301103592
 4.5344772339    -0.1769746690988541
 4.5378971100    -0.1736077517271042
 4.5413169861    -0.1702387928962708
 4.5447368622    -0.1668678522109985
 4.5481567383    -0.1634949594736099
 4.5515766144    -0.1601201444864273
 4.5549964905    -0.1567434668540955
 4.5584163666    -0.1533649414777756
 4.5618362427    -0.1499846428632736
 4.5652561188    -0.1466025859117508
 4.5686759949    -0.1432188004255295
 4.5720958710    -0.1398333460092545
 4.5755157471    -0.1364462673664093
 4.5789356232    -0.1330575793981552
 4.5823554993    -0.1296673417091370
 4.5857753754    -0.1262755841016769
 4.5891952515    -0.1228823512792587
 4.5926151276    -0.1194876804947853
 4.5960350037    -0.1160916164517403
 4.5994548798    -0.1126941889524460
 4.6028747559    -0.1092954501509666
 4.6062946320    -0.1058954298496246
 4.6097145081    -0.1024941653013229
 4.6131343842    -0.0990917086601257
 4.6165542603    -0.0956880897283554
 4.6199741364    -0.0922833532094955
 4.6233940125    -0.0888775363564491
 4.6268138885    -0.0854706838726997
 4.6302337646    -0.0820628330111504
 4.6336536407    -0.0786540135741234
 4.6370735168    -0.0752442777156830
 4.6404933929    -0.0718336626887321
 4.6439132690    -0.0684222131967545
 4.6473331451    -0.0650099590420723
 4.6507530212    -0.0615969412028790
 4.6541728973    -0.0581832043826580
 4.6575927734    -0.0547687895596027
 4.6610126495    -0.0513537339866161
 4.6644325256    -0.0479380749166012
 4.6678524017    -0.0445218570530415
 4.6712722778    -0.0411051176488400
 4.6746921539    -0.0376878976821899
 4.6781120300    -0.0342702381312847
 4.6815319061    -0.0308521781116724
 4.6849517822    -0.0274337567389011
 4.6883716583    -0.0240150131285191
 4.6917915344    -0.0205959901213646
 4.6952114105    -0.0171767249703407
 4.6986312866    -0.0137572595849633
 4.7020511627    -0.0103376330807805
 4.7054710388    -0.0069178864359856
 4.7088909149    -0.0034980583004653
 4.7123107910    -0.0000781893686508
 4.7157306671     0.0033416806254536
 4.7191505432     0.0067615113221109
 4.7225704193     0.0101812630891800
 4.7259902954     0.0136008961126208
 4.7294101715     0.0170203689485788
 4.7328300476     0.0204396434128284
 4.7362499237     0.0238586794584990
 4.7396697998     0.0272774361073971
 4.7430896759     0.0306958723813295
 4.7465095520     0.0341139510273933
 4.7499294281     0.0375316292047501
 4.7533493042     0.0409488715231419
 4.7567691803     0.0443656332790852
 4.7601890564     0.0477818772196770
 4.7636089325     0.0511975586414337
 4.7670288086     0.0546126440167427
 4.7704486847     0.0580270923674107
 4.7738685608     0.0614408589899540
 4.7772884369     0.0648539066314697
 4.7807083130     0.0682661980390549
 4.7841281891     0.0716776922345161
 4.7875480652     0.0750883445143700
 4.7909679413     0.0784981176257133
 4.7943878174     0.0819069743156433
 4.7978076935     0.0853148773312569
 4.8012275696     0.0887217819690704
 4.8046474457     0.0921276435256004
 4.8080673218     0.0955324321985245
 4.8114871979     0.0989360958337784
 4.8149070740     0.1023386120796204
 4.8183269501     0.1057399287819862
 4.8217468262     0.1091400086879730
 4.8251667023     0.1125388070940971
 4.8285865784     0.1159362941980362
 4.8320064545     0.1193324252963066
 4.8354263306     0.1227271556854248
 4.8388462067     0.1261204630136490
 4.8422660828     0.1295122802257538
 4.8456859589     0.1329025924205780
 4.8491058350     0.1362913399934769
 4.8525257111     0.1396785080432892
 4.8559455872     0.1430640369653702
 4.8593654633     0.1464478820562363
 4.8627853394     0.1498300284147263
 4.8662052155     0.1532104164361954
 4.8696250916     0.1565890163183212
 4.8730449677     0.1599657833576202
 4.8764648438     0.1633406728506088
 4.8798847198     0.1667136549949646
 4.8833045959     0.1700846999883652
 4.8867244720     0.1734537333250046
 4.8901443481     0.1768207550048828
 4.8935642242     0.1801857054233551
 4.8969841003     0.1835485398769379
 4.9004039764     0.1869092434644699
 4.9038238525     0.1902677565813065
 4.9072437286     0.1936240345239639
 4.9106636047     0.1969780474901199
 4.9140834808     0.2003297656774521
 4.9175033569     0.2036791443824768
 4.9209232330     0.2070261240005493
 4.9243431091     0.2103707045316696
 4.9277629852     0.2137128114700317
 4.9311828613     0.2170524150133133
 4.9346027374     0.2203894853591919
 4.9380226135     0.2237239778041840
 4.9414424896     0.2270558625459671
 4.9448623657     0.2303850799798965
 4.9482822418     0.2337116003036499
 4.9517021179     0.2370353937149048
 4.9551219940     0.2403564155101776
 4.9585418701     0.2436746209859848
 4.9619617462     0.2469899803400040
 4.9653816223     0.2503024637699127
 4.9688014984     0.2536120116710663
 4.9722213745     0.2569185793399811
 4.9756412506     0.2602221369743347
 4.9790611267     0.2635226845741272
 4.9824810028     0.2668201327323914
 4.9859008789     0.2701144516468048
 4.9893207550     0.2734056115150452
 4.9927406311     0.2766935825347900
 4.9961605072     0.2799783349037170
 4.9995803833     0.2832597792148590
 5.0030002594     0.2865379154682159
 5.0064201355     0.2898127138614655
 5.0098400116     0.2930841147899628
 5.0132598877     0.2963521182537079
 5.0166797638     0.2996166050434113
 5.0200996399     0.3028776347637177
 5.0235195160     0.3061350882053375
 5.0269393921     0.3093889653682709
 5.0303592682     0.3126392364501953
 5.0337791443     0.3158858418464661
 5.0371990204     0.3191287517547607
 5.0406188965     0.3223679363727570
 5.0440387726     0.3256033658981323
 5.0474586487     0.3288349509239197
 5.0508785248     0.3320627212524414
 5.0542984009     0.3352865874767303
 5.0577182770     0.3385065495967865
 5.0611381531     0.3417225480079651
 5.0645580292     0.3449345529079437
 5.0679779053     0.3481425046920776
 5.0713977814     0.3513464033603668
 5.0748176575     0.3545461893081665
 5.0782375336     0.3577418327331543
 5.0816574097     0.3609332740306854
 5.0850772858     0.3641205132007599
 5.0884971619     0.3673034608364105
 5.0919170380     0.3704821467399597
 5.0953369141     0.3736564815044403
 5.0987567902     0.3768264651298523
 5.1021766663     0.3799920380115509
 5.1055965424     0.3831531703472137
 5.1090164185     0.3863098025321960
 5.1124362946     0.3894619345664978
 5.1158561707     0.3926094770431519
 5.1192760468     0.3957524597644806
 5.1226959229     0.3988908231258392
 5.1261157990     0.4020245075225830
 5.1295356750     0.4051534831523895
 5.1329555511     0.4082777202129364
 5.1363754272     0.4113971889019012
 5.1397953033     0.4145118296146393
 5.1432151794     0.4176216423511505
 5.1466350555     0.4207265675067902
 5.1500549316     0.4238265752792358
 5.1534748077     0.4269216060638428
 5.1568946838     0.4300116598606110
 5.1603145599     0.4330967068672180
 5.1637344360     0.4361766576766968
 5.1671543121     0.4392515122890472
 5.1705741882     0.4423212409019470
 5.1739940643     0.4453857839107513
 5.1774139404     0.4484451115131378
 5.1808338165     0.4514991939067841
 5.1842536926     0.4545480012893677
 5.1876735687     0.4575915038585663
 5.1910934448     0.4606296420097351
 5.1945133209     0.4636624157428741
 5.1979331970     0.4666897356510162
 5.2013530731     0.4697116315364838
 5.2047729492     0.4727280139923096
 5.2081928253     0.4757388532161713
 5.2116127014     0.4787441492080688
 5.2150325775     0.4817438423633575
 5.2184524536     0.4847379028797150
 5.2218723297     0.4877262711524963
 5.2252922058     0.4907089471817017
 5.2287120819     0.4936859011650085
 5.2321319580     0.4966570734977722
 5.2355518341     0.4996224343776703
 5.2389717102     0.5025819540023804
 5.2423915863     0.5055356025695801
 5.2458114624     0.5084832906723022
 5.2492313385     0.5114250779151917
 5.2526512146     0.5143609046936035
 5.2560710907     0.5172906517982483
 5.2594909668     0.5202144384384155
 5.2629108429     0.5231320858001709
 5.2663307190     0.5260435938835144
 5.2697505951     0.5289489626884460
 5.2731704712     0.5318481326103210
 5.2765903473     0.5347411036491394
 5.2800102234     0.5376278758049011
 5.2834300995     0.5405082702636719
 5.2868499756     0.5433824062347412
 5.2902698517     0.5462501645088196
 5.2936897278     0.5491114854812622
 5.2971096039     0.5519664287567139
 5.3005294800     0.5548149347305298
 5.3039493561     0.5576569437980652
 5.3073692322     0.5604923963546753
 5.3107891083     0.5633212924003601
 5.3142089844     0.5661436319351196
 5.3176288605     0.5689593553543091
 5.3210487366     0.5717684030532837
 5.3244686127     0.5745707750320435
 5.3278884888     0.5773664116859436
 5.3313083649     0.5801553130149841
 5.3347282410     0.5829374194145203
 5.3381481171     0.5857127308845520
 5.3415679932     0.5884811878204346
 5.3449878693     0.5912427306175232
 5.3484077454     0.5939973592758179
 5.3518276215     0.5967450737953186
 5.3552474976     0.5994858145713806
 5.3586673737     0.6022195219993591
 5.3620872498     0.6049461960792542
 5.3655071259     0.6076657772064209
 5.3689270020     0.6103782653808594
 5.3723468781     0.6130836009979248
 5.3757667542     0.6157817840576172
 5.3791866302     0.6184727549552917
 5.3826065063     0.6211564540863037
 5.3860263824     0.6238329410552979
 5.3894462585     0.6265020966529846
 5.3928661346     0.6291639804840088
 5.3962860107     0.6318184733390808
 5.3997058868     0.6344655752182007
 5.4031257629     0.6371052265167236
 5.4065456390     0.6397374868392944
 5.4099655151     0.6423622369766235
 5.4133853912     0.6449794769287109
 5.4168052673     0.6475891470909119
 5.4202251434     0.6501912474632263
 5.4236450195     0.6527857780456543
 5.4270648956     0.6553726792335510
 5.4304847717     0.6579518914222717
 5.4339046478     0.6605234146118164
 5.4373245239     0.6630871891975403
 5.4407444000     0.6656432151794434
 5.4441642761     0.6681914925575256
 5.4475841522     0.6707319021224976
 5.4510040283     0.6732645034790039
 5.4544239044     0.6757892370223999
 5.4578437805     0.6783060431480408
 5.4612636566     0.6808149218559265
 5.4646835327     0.6833158731460571
 5.4681034088     0.6858087778091431
 5.4715232849     0.6882936954498291
 5.4749431610     0.6907705664634705
 5.4783630371     0.6932393312454224
 5.4817829132     0.6956999897956848
 5.4852027893     0.6981525421142578
 5.4886226654     0.7005969285964966
 5.4920425415     0.7030330896377563
 5.4954624176     0.7054610252380371
 5.4988822937     0.7078807353973389
 5.5023021698     0.7102921605110168
 5.5057220459     0.7126953005790710
 5.5091419220     0.7150900363922119
 5.5125617981     0.7174764871597290
 5.5159816742     0.7198545336723328
 5.5194015503     0.7222241163253784
 5.5228214264     0.7245852947235107
 5.5262413025     0.7269379496574402
 5.5296611786     0.7292821407318115
 5.5330810547     0.7316178083419800
 5.5365009308     0.7339448928833008
 5.5399208069     0.7362633943557739
 5.5433406830     0.7385733127593994
 5.5467605591     0.7408745884895325
 5.5501804352     0.7431671619415283
 5.5536003113     0.7454510927200317
 5.5570201874     0.7477262616157532
 5.5604400635     0.7499927282333374
 5.5638599396     0.7522503733634949
 5.5672798157     0.7544992566108704
 5.5706996918     0.7567393183708191
 5.5741195679     0.7589704990386963
 5.5775394440     0.7611928582191467
 5.5809593201     0.7634062767028809
 5.5843791962     0.7656107544898987
 5.5877990723     0.7678062915802002
 5.5912189484     0.7699928879737854
 5.5946388245     0.7721704244613647
 5.5980587006     0.7743389606475830
 5.6014785767     0.7764983773231506
 5.6048984528     0.7786487936973572
 5.6083183289     0.7807900905609131
 5.6117382050     0.7829222083091736
 5.6151580811     0.7850452065467834
 5.6185779572     0.7871590256690979
 5.6219978333     0.7892636060714722
 5.6254177094     0.7913590073585510
 5.6288375854     0.7934451103210449
 5.6322574615     0.7955219149589539
 5.6356773376     0.7975894808769226
 5.6390972137     0.7996476888656616
 5.6425170898     0.8016965389251709
 5.6459369659     0.8037359714508057
 5.6493568420     0.8057660460472107
 5.6527767181     0.8077867031097412
 5.6561965942     0.8097979426383972
 5.6596164703     0.8117996454238892
 5.6630363464     0.8137918710708618
 5.6664562225     0.8157746195793152
 5.6698760986     0.8177477717399597
 5.6732959747     0.8197113871574402
 5.6767158508     0.8216654658317566
 5.6801357269     0.8236098289489746
 5.6835556030     0.8255446553230286
 5.6869754791     0.8274697661399841
 5.6903953552     0.8293852210044861
 5.6938152313     0.8312909603118896
 5.6972351074     0.8331869840621948
 5.7006549835     0.8350732922554016
 5.7040748596     0.8369498252868652
 5.7074947357     0.8388165235519409
 5.7109146118     0.8406734466552734
 5.7143344879     0.8425205349922180
 5.7177543640     0.8443577885627747
 5.7211742401     0.8461851477622986
 5.7245941162     0.8480026125907898
 5.7280139923     0.8498101830482483
 5.7314338684     0.8516077399253845
 5.7348537445     0.8533954024314880
 5.7382736206     0.8551730513572693
 5.7416934967     0.8569407463073730
 5.7451133728     0.8586983680725098
 5.7485332489     0.8604459762573242
 5.7519531250     0.8621835112571716
 5.7553730011     0.8639109730720520
 5.7587928772     0.8656283020973206
 5.7622127533     0.8673354983329773
 5.7656326294     0.8690326213836670
 5.7690525055     0.8707194924354553
 5.7724723816     0.8723962306976318
 5.7758922577     0.8740627765655518
 5.7793121338     0.8757190704345703
 5.7827320099     0.8773651719093323
 5.7861518860     0.8790009617805481
 5.7895717621     0.8806264996528625
 5.7929916382     0.8822417259216309
 5.7964115143     0.8838465809822083
 5.7998313904     0.8854411840438843
 5.8032512665     0.8870253562927246
 5.8066711426     0.8885992169380188
 5.8100910187     0.8901626467704773
 5.8135108948     0.8917157053947449
 5.8169307709     0.8932582736015320
 5.8203506470     0.8947904706001282
 5.8237705231     0.8963121771812439
 5.8271903992     0.8978233337402344
 5.8306102753     0.8993240594863892
 5.8340301514     0.9008142352104187
 5.8374500275     0.9022939205169678
 5.8408699036     0.9037629961967468
 5.8442897797     0.9052215218544006
 5.8477096558     0.9066694974899292
 5.8511295319     0.9081068634986877
 5.8545494080     0.9095335602760315
 5.8579692841     0.9109496474266052
 5.8613891602     0.9123550653457642
 5.8648090363     0.9137498140335083
 5.8682289124     0.9151338934898376
 5.8716487885     0.9165072441101074
 5.8750686646     0.9178699254989624
 5.8784885406     0.9192218184471130
 5.8819084167     0.9205629825592041
 5.8853282928     0.9218934178352356
 5.8887481689     0.9232130050659180
 5.8921680450     0.9245218038558960
 5.8955879211     0.9258198142051697
 5.8990077972     0.9271070361137390
 5.9024276733     0.9283833503723145
 5.9058475494     0.9296488165855408
 5.9092674255     0.9309034347534180
 5.9126873016     0.9321471452713013
 5.9161071777     0.9333799481391907
 5.9195270538     0.9346018433570862
 5.9229469299     0.9358128309249878
 5.9263668060     0.9370128512382507
 5.9297866821     0.9382019042968750
 5.9332065582     0.9393799901008606
 5.9366264343     0.9405471086502075
 5.9400463104     0.9417032003402710
 5.9434661865     0.9428483247756958
 5.9468860626     0.9439823627471924
 5.9503059387     0.9451053738594055
 5.9537258148     0.9462173581123352
 5.9571456909     0.9473182559013367
 5.9605655670     0.9484080672264099
 5.9639854431     0.9494867920875549
 5.9674053192     0.9505544304847717
 5.9708251953     0.9516109228134155
 5.9742450714     0.9526563286781311
 5.9776649475     0.9536905884742737
 5.9810848236     0.9547136425971985
 5.9845046997     0.9557255506515503
 5.9879245758     0.9567263126373291
 5.9913444519     0.9577158689498901
 5.9947643280     0.9586942195892334
 5.9981842041     0.9596613645553589
 6.0016040802     0.9606172442436218
 6.0050239563     0.9615619182586670
 6.0084438324     0.9624953866004944
 6.0118637085     0.9634175300598145
 6.0152835846     0.9643284678459167
 6.0187034607     0.9652280807495117
 6.0221233368     0.9661164283752441
 6.0255432129     0.9669934511184692
 6.0289630890     0.9678592085838318
 6.0323829651     0.9687135815620422
 6.0358028412     0.9695566892623901
 6.0392227173     0.9703884124755859
 6.0426425934     0.9712088108062744
 6.0460624695     0.9720178842544556
 6.0494823456     0.9728155136108398
 6.0529022217     0.9736018180847168
 6.0563220978     0.9743767380714417
 6.0597419739     0.9751402139663696
 6.0631618500     0.9758923053741455
 6.0665817261     0.9766330122947693
 6.0700016022     0.9773622751235962
 6.0734214783     0.9780800938606262
 6.0768413544     0.9787865281105042
 6.0802612305     0.9794814586639404
 6.0836811066     0.9801649451255798
 6.0871009827     0.9808369874954224
 6.0905208588     0.9814975261688232
 6.0939407349     0.9821466207504272
 6.0973606110     0.9827842116355896
 6.1007804871     0.9834102988243103
 6.1042003632     0.9840248823165894
 6.1076202393     0.9846280217170715
 6.1110401154     0.9852195978164673
 6.1144599915     0.9857996106147766
 6.1178798676     0.9863681197166443
 6.1212997437     0.9869251251220703
 6.1247196198     0.9874705672264099
 6.1281394958     0.9880044460296631
 6.1315593719     0.9885268211364746
 6.1349792480     0.9890375733375549
 6.1383991241     0.9895367622375488
 6.1418190002     0.9900243878364563
 6.1452388763     0.9905004501342773
 6.1486587524     0.9909649491310120
 6.1520786285     0.9914178252220154
 6.1554985046     0.9918591380119324
 6.1589183807     0.9922887682914734
 6.1623382568     0.9927068948745728
 6.1657581329     0.9931133389472961
 6.1691780090     0.9935082197189331
 6.1725978851     0.9938914179801941
 6.1760177612     0.9942630529403687
 6.1794376373     0.9946230649948120
 6.1828575134     0.9949713945388794
 6.1862773895     0.9953081011772156
 6.1896972656     0.9956331849098206
 6.1931171417     0.9959465861320496
 6.1965370178     0.9962483644485474
 6.1999568939     0.9965385198593140
 6.2033767700     0.9968169927597046
 6.2067966461     0.9970837831497192
 6.2102165222     0.9973389506340027
 6.2136363983     0.9975824356079102
 6.2170562744     0.9978142976760864
 6.2204761505     0.9980344176292419
 6.2238960266     0.9982429146766663
 6.2273159027     0.9984397292137146
 6.2307357788     0.9986248612403870
 6.2341556549     0.9987983107566833
 6.2375755310     0.9989600777626038
 6.2409954071     0.9991101622581482
 6.2444152832     0.9992485642433167
 6.2478351593     0.9993752241134644
 6.2512550354     0.9994902610778809
 6.2546749115     0.9995936155319214
 6.2580947876     0.9996852278709412
 6.2615146637     0.9997652173042297
 6.2649345398     0.9998334646224976
 6.2683544159     0.9998900294303894
 6.2717742920     0.9999349117279053
 6.2751941681     0.9999680519104004
 6.2786140442     0.9999895691871643
 6.2820339203     0.9999993443489075
 6.2854537964     0.9999974370002747
 6.2888736725     0.9999838471412659
 6.2922935486     0.9999585151672363
 6.2957134247     0.9999215006828308
 6.2991333008     0.9998728036880493
 6.3025531769     0.9998124241828918
 6.3059730530     0.9997403621673584
 6.3093929291     0.9996566176414490
 6.3128128052     0.9995611310005188
 6.3162326813     0.9994539618492126
 6.3196525574     0.9993351697921753
 6.3230724335     0.9992046356201172
 6.3264923096     0.9990624189376831
 6.3299121857     0.9989085197448730
 6.3333320618     0.9987429380416870
 6.3367519379     0.9985656738281250
 6.3401718140     0.9983767271041870
 6.3435916901     0.9981760978698730
 6.3470115662     0.9979637861251831
 6.3504314423     0.9977398514747620
 6.3538513184     0.9975041747093201
 6.3572711945     0.9972568750381470
 6.3606910706     0.9969979524612427
 6.3641109467     0.9967272877693176
 6.3675308228     0.9964450001716614
 6.3709506989     0.9961510896682739
 6.3743705750     0.9958454966545105
 6.3777904510     0.9955282807350159
 6.3812103271     0.9951993823051453
 6.3846302032     0.9948588609695435
 6.3880500793     0.9945067167282104
 6.3914699554     0.9941429495811462
 6.3948898315     0.9937675595283508
 6.3983097076     0.9933804869651794
 6.4017295837     0.9929818511009216
 6.4051494598     0.9925715923309326
 6.4085693359     0.9921497106552124
 6.4119892120     0.9917162656784058
 6.4154090881     0.9912711381912231
 6.4188289642     0.9908145070075989
 6.4222488403     0.9903462529182434
 6.4256687164     0.9898663759231567
 6.4290885925     0.9893749952316284
 6.4325084686     0.9888719916343689
 6.4359283447     0.9883574247360229
 6.4393482208     0.9878313541412354
 6.4427680969     0.9872936606407166
 6.4461879730     0.9867444634437561
 6.4496078491     0.9861837029457092
 6.4530277252     0.9856114387512207
 6.4564476013     0.9850276112556458
 6.4598674774     0.9844322800636292
 6.4632873535     0.9838254451751709
 6.4667072296     0.9832070469856262
 6.4701271057     0.9825772047042847
 6.4735469818     0.9819358587265015
 6.4769668579     0.9812830090522766
 6.4803867340     0.9806187152862549
 6.4838066101     0.9799429774284363
 6.4872264862     0.9792557358741760
 6.4906463623     0.9785570502281189
 6.4940662384     0.9778469204902649
 6.4974861145     0.9771253466606140
 6.5009059906     0.9763923287391663
 6.5043258667     0.9756479263305664
 6.5077457428     0.9748920798301697
 6.5111656189     0.9741248488426208
 6.5145854950     0.9733462333679199
 6.5180053711     0.9725562334060669
 6.5214252472     0.9717548489570618
 6.5248451233     0.9709420800209045
 6.5282649994     0.9701179862022400
 6.5316848755     0.9692825675010681
 6.5351047516     0.9684357643127441
 6.5385246277     0.9675776362419128
 6.5419445038     0.9667082428932190
 6.5453643799     0.9658274650573730
 6.5487842560     0.9649354815483093
 6.5522041321     0.9640321135520935
 6.5556240082     0.9631175398826599
 6.5590438843     0.9621917009353638
 6.5624637604     0.9612545967102051
 6.5658836365     0.9603062272071838
 6.5693035126     0.9593466520309448
 6.5727233887     0.9583758711814880
 6.5761432648     0.9573938250541687
 6.5795631409     0.9564006328582764
 6.5829830170     0.9553962349891663
 6.5864028931     0.9543806910514832
 6.5898227692     0.9533539414405823
 6.5932426453     0.9523161053657532
 6.5966625214     0.9512670636177063
 6.6000823975     0.9502069354057312
 6.6035022736     0.9491356611251831
 6.6069221497     0.9480533003807068
 6.6103420258     0.9469598531723022
 6.6137619019     0.9458553194999695
 6.6171817780     0.9447397589683533
 6.6206016541     0.9436131119728088
 6.6240215302     0.9424754381179810
 6.6274414062     0.9413267970085144
 6.6308612823     0.9401670694351196
 6.6342811584     0.9389963746070862
 6.6377010345     0.9378147125244141
 6.6411209106     0.9366220831871033
 6.6445407867     0.9354184865951538
 6.6479606628     0.9342039227485657
 6.6513805389     0.9329784512519836
 6.6548004150     0.9317420721054077
 6.6582202911     0.9304947853088379
 6.6616401672     0.9292366504669189
 6.6650600433     0.9279676079750061
 6.6684799194     0.9266877770423889
 6.6718997955     0.9253970384597778
 6.6753196716     0.9240955114364624
 6.6787395477     0.9227831363677979
 6.6821594238     0.9214600324630737
 6.6855792999     0.9201260805130005
 6.6889991760     0.9187813997268677
 6.6924190521     0.9174259901046753
 6.6958389282     0.9160598516464233
 6.6992588043     0.9146829843521118
 6.7026786804     0.9132953882217407
 6.7060985565     0.9118971824645996
 6.7095184326     0.9104882478713989
 6.7129383087     0.9090687036514282
 6.7163581848     0.9076384902000427
 6.7197780609     0.9061976671218872
 6.7231979370     0.9047462940216064
 6.7266178131     0.9032843112945557
 6.7300376892     0.9018117189407349
 6.7334575653     0.9003286361694336
 6.7368774414     0.8988350033760071
 6.7402973175     0.8973308801651001
 6.7437171936     0.8958162665367126
 6.7471370697     0.8942911028862000
 6.7505569458     0.8927555680274963
 6.7539768219     0.8912095427513123
 6.7573966980     0.8896530866622925
 6.7608165741     0.8880862593650818
 6.7642364502     0.8865090608596802
 6.7676563263     0.8849214315414429
 6.7710762024     0.8833234906196594
 6.7744960785     0.8817152380943298
 6.7779159546     0.8800966143608093
 6.7813358307     0.8784677386283875
 6.7847557068     0.8768286108970642
 6.7881755829     0.8751791715621948
 6.7915954590     0.8735195398330688
 6.7950153351     0.8718496561050415
 6.7984352112     0.8701695799827576
 6.8018550873     0.8684793710708618
 6.8052749634     0.8667789697647095
 6.8086948395     0.8650684356689453
 6.8121147156     0.8633477687835693
 6.8155345917     0.8616170287132263
 6.8189544678     0.8598762154579163
 6.8223743439     0.8581253290176392
 6.8257942200     0.8563644289970398
 6.8292140961     0.8545935153961182
 6.8326339722     0.8528125882148743
 6.8360538483     0.8510216474533081
 6.8394737244     0.8492208123207092
 6.8428936005     0.8474100232124329
 6.8463134766     0.8455893397331238
 6.8497333527     0.8437587618827820
 6.8531532288     0.8419182896614075
 6.8565731049     0.8400679826736450
 6.8599929810     0.8382078409194946
 6.8634128571     0.8363379240036011
 6.8668327332     0.8344582319259644
 6.8702526093     0.8325687646865845
 6.8736724854     0.8306695222854614
 6.8770923615     0.8287606239318848
 6.8805122375     0.8268420100212097
 6.8839321136     0.8249136805534363
 6.8873519897     0.8229757547378540
 6.8907718658     0.8210282325744629
 6.8941917419     0.8190710544586182
 6.8976116180     0.8171042799949646
 6.9010314941     0.8151280283927917
 6.9044513702     0.8131421804428101
 6.9078712463     0.8111468553543091
 6.9112911224     0.8091419935226440
 6.9147109985     0.8071277141571045
 6.9181308746     0.8051039576530457
 6.9215507507     0.8030708432197571
 6.9249706268     0.8010283112525940
 6.9283905029     0.7989763617515564
 6.9318103790     0.7969151139259338
 6.9352302551     0.7948445677757263
 6.9386501312     0.7927646636962891
 6.9420700073     0.7906755208969116
 6.9454898834     0.7885771393775940
 6.9489097595     0.7864695191383362
 6.9523296356     0.7843527197837830
 6.9557495117     0.7822267413139343
 6.9591693878     0.7800916433334351
 6.9625892639     0.7779473662376404
 6.9660091400     0.7757940292358398
 6.9694290161     0.7736315727233887
 6.9728488922     0.7714601159095764
 6.9762687683     0.7692795991897583
 6.9796886444     0.7670901417732239
 6.9831085205     0.7648916244506836
 6.9865283966     0.7626842260360718
 6.9899482727     0.7604678869247437
 6.9933681488     0.7582426667213440
 6.9967880249     0.7560085654258728
 7.0002079010     0.7537656426429749
