  1   0.0027054832316935
  2   0.0131637605027323
  3   0.0263225718138472
  4   0.0393559544431525
  5   0.0525506476801719
  6   0.0653463454417922
  7   0.0785103528142032
  8   0.0917500766338089
  9   0.1051481088275234
 10   0.1184712586492837
 11   0.1317673324386000
 12   0.1448178247499192
 13   0.1578392785973950
 14   0.1705385271362471
 15   0.1840064679015809
 16   0.1975897342558080
 17   0.2117972062188718
 18   0.2258829589593229
 19   0.2395387376528291
 20   0.2537188375229490
 21   0.2676780665096047
 22   0.2823135643991010
 23   0.2969666420580274
 24   0.3117820503577127
 25   0.3267167736029272
 26   0.3413551318174888
 27   0.3565343040956820
 28   0.3720899481590743
 29   0.3880300658470928
 30   0.4037097351009967
 31   0.4194902541047208
 32   0.4352563744420207
 33   0.4523010533470232
 34   0.4691050536848985
 35   0.4864399382395298
 36   0.5035338610475798
 37   0.5214768144053094
 38   0.5392617007569394
 39   0.5587545155025401
 40   0.5774589363993147
 41   0.5976200285358075
 42   0.6177684906402799
 43   0.6341638796913571
 44   0.6575396266062322
 45   0.6781360838261246
 46   0.7005083501703728
 47   0.7214175550420292
 48   0.7458166300918793
 49   0.7687404293914766
 50   0.7924179040802694
 51   0.8172674831898759
 52   0.8430359668478055
 53   0.8678160974506252
 54   0.8974543388710479
 55   0.9231879378013736
 56   0.9548486588004460
 57   0.9841022585522697
 58   1.0139057023385194
 59   1.0485826140884595
 60   1.0829429628677478
 61   1.1161917920896107
 62   1.1517756249647129
 63   1.1931546257037069
 64   1.2329100373136235
 65   1.2760560137115038
 66   1.3200666636728027
 67   1.3657519947263492
 68   1.4143450695230340
 69   1.4664950695104852
 70   1.5220127816627562
 71   1.5799844792540154
 72   1.6409138795122036
 73   1.7062877444390669
 74   1.7769082280486226
 75   1.8530045067175120
 76   1.9330865869447589
 77   2.0188782614432079
 78   2.1138847619161107
 79   2.2150061574974171
 80   2.3263655493560282
 81   2.4468078301142708
 82   2.5815078334466959
 83   2.7288158079751916
 84   2.8938191387330869
 85   3.0775958864003226
 86   3.2859616721812865
 87   3.5225827357822270
 88   3.7945997541944263
 89   4.1104098643906521
 90   4.4829059360716492
 91   4.9274090670803314
 92   5.4689459229126474
 93   6.1417426644061139
 94   7.0042642843466432
 95   8.1463560962076667
 96   9.7357987679649831
 97  12.0968242301898812
 98  15.9813503547645279
 99  23.5614543641096930
100  44.9463773667445210
101 504.1120381971134066
102  54.4379630926624927
103  25.7552180155456796
104  16.8348701432539940
105  12.4824168475994011
106   9.9044516986914122
107   8.1973865613371508
108   6.9833857936521007
109   6.0748914159734122
110   5.3698127974655705
111   4.8056664158287425
112   4.3439822997695066
113   3.9584334656199460
114   3.6319878537466503
115   3.3519541850393573
116   3.1085089150931102
117   2.8946835519249094
118   2.7054813602709116
119   2.5366261863828732
120   2.3856869942171408
121   2.2484851790034357
122   2.1246563006919654
123   2.0107879843646104
124   1.9067960096165106
125   1.8104226761479554
126   1.7216047742924545
127   1.6392594627396342
128   1.5622602726194328
129   1.4901244750489835
130   1.4223413599167249
131   1.3597318974381438
132   1.2997193721957065
133   1.2436484809224060
134   1.1896050010259454
135   1.1393824615182135
136   1.0907199803840135
137   1.0459987173261314
138   1.0005511017651127
139   0.9607852235887242
140   0.9190764224857477
141   0.8813794748835997
142   0.8438281145081954
143   0.8086397186385776
144   0.7761922918354788
145   0.7410115840178727
146   0.7055620985279548
147   0.6774305025653461
148   0.6453743546637217
149   0.6190192658185278
150   0.5895573213213189
151   0.5621856273556506
152   0.5360140828262171
153   0.5100755934823609
154   0.4854146697904409
155   0.4592533596652093
156   0.4345010668092911
157   0.4119764721721808
158   0.3889442882222908
159   0.3656025125854081
160   0.3453862325625253
161   0.3202295610733099
162   0.3017273884994010
163   0.2788412856498256
164   0.2593719081611631
165   0.2363501482296722
166   0.2185354810862826
167   0.1984743470985521
168   0.1790283271287382
169   0.1596238063618508
170   0.1404808466421075
171   0.1206407903199206
172   0.1025516716895095
173   0.0837526255936264
174   0.0655383259692280
175   0.0465797392359070
176   0.0281022055334135
177   0.0109614578331805
178   0.0068789012800563
179   0.0241808298774977
180   0.0420452034951524
181   0.0592831466409842
182   0.0762425967956859
183   0.0933657075390313
184   0.1106972068534878
185   0.1281086818514128
186   0.1454088349556563
187   0.1628976669766853
188   0.1799054985585307
189   0.1963566837004763
190   0.2128462515923019
191   0.2300204121022413
192   0.2471636797317318
193   0.2645534744401477
194   0.2807860980205443
195   0.2976611352029591
196   0.3140346937521983
197   0.3308347949843777
198   0.3474406391230476
199   0.3645182647172676
200   0.3816476525928508
201   0.3986878728475844
202   0.4158946244682308
203   0.4335152329998309
204   0.4510876415896737
205   0.4685370168376840
206   0.4857156755807669
207   0.5035428986439610
208   0.5214140477492796
209   0.5393173445866405
210   0.5570061747682865
211   0.5749054089121752
212   0.5929886100537169
213   0.6112930012301470
214   0.6296139230797017
215   0.6485944636553803
216   0.6671061492657624
217   0.6862387432378437
218   0.7053286961456288
219   0.7248821728517961
220   0.7445694256007375
221   0.7634025395333391
222   0.7828138215160472
223   0.8029541234512183
224   0.8228316517083439
225   0.8429186760339635
226   0.8632811439964149
227   0.8840246139105006
228   0.9048534926265469
229   0.9263142959456040
230   0.9477998510849691
231   0.9702415177050940
232   0.9923069578679022
233   1.0145189384176476
234   1.0370728512684357
235   1.0607038723719731
236   1.0836957239998837
237   1.1075642064217077
238   1.1296175116085327
239   1.1546124285112633
240   1.1779615095520977
241   1.2036017675525437
242   1.2277281015449573
243   1.2544854765386011
244   1.2793935948225981
245   1.3079799493259221
246   1.3339709452383028
247   1.3652190229157584
248   1.3963083812513686
249   1.4140744813451300
250   1.4454543379957887
251   1.4776507165084718
252   1.5077726832928686
253   1.5374160112912161
254   1.5693248491987704
255   1.6014215808561871
256   1.6331389593111785
257   1.6662812098789115
258   1.6985584507708822
259   1.7316249486002058
260   1.7675339287445002
261   1.8030148432761708
262   1.8391583727797862
263   1.8780152383108286
264   1.9137977913918551
265   1.9509289960480494
266   1.9921082242285419
267   2.0327818474108255
268   2.0727133125503587
269   2.1144715529660743
270   2.1600766331900365
271   2.2023481275173555
272   2.2491776135645094
273   2.2940023208397111
274   2.3424713505216914
275   2.3920517302396180
276   2.4423637462159040
277   2.4929121990579022
278   2.5466082856616699
279   2.5997545776183166
280   2.6557424979598090
281   2.7125259509345385
282   2.7719051716674254
283   2.8320441642151568
284   2.8949473341363285
285   2.9582802062603144
286   3.0242999155955679
287   3.0923984645620597
288   3.1631642882060658
289   3.2356529796519204
290   3.3104647357227632
291   3.3876150317754861
292   3.4687576893498329
293   3.5510019631758327
294   3.6372883614676073
295   3.7245623317123333
296   3.8171565741355491
297   3.9111858340501153
298   4.0101325018380392
299   4.1112251798250510
300   4.2176293157796430
301   4.3266783248685359
302   4.4414933113365489
303   4.5599476526587877
304   4.6851967844121525
305   4.8142784223261543
306   4.9501154722601495
307   5.0914409341225921
308   5.2409431639182671
309   5.3962460058427837
310   5.5595198032160464
311   5.7304279617592506
312   5.9108160239583878
313   6.1000632229252076
314   6.2998034587858127
315   6.5096461414177860
316   6.7326645101294496
317   6.9671843750635771
318   7.2171643283933262
319   7.4812319311310755
320   7.7640383135221143
321   8.0635237031253340
322   8.3847943397958868
323   8.7273712034199793
324   9.0972808222171420
325   9.4932318554164734
326   9.9222716783477765
327  10.3843261078867446
328  10.8892039500871256
329  11.4359089098274307
330  12.0368460940754893
331  12.6940854018116074
332  13.4229110141003396
333  14.2279247931548500
334  15.1281098886306964
335  16.1364717101261199
336  17.2800008148961624
337  18.5795124137501624
338  20.0765653193704274
339  21.8129204059803605
340  23.8611482710826266
341  26.3005399880209509
342  29.2667226382279502
343  32.9391499483260546
344  37.6197899353155449
345  43.7691721118206374
346  52.2277154722501038
347  64.5766744048594319
348  84.3298712310295286
349 120.9339599629850710
350 212.1261578650022841
351 836.7913271609101002
352 436.7806921627217775
353 174.2198036792669313
354 109.2217263958882114
355  79.7511267737260283
356  62.9433983699169985
357  52.0717122161959978
358  44.4699537300440113
359  38.8486235780407227
360  34.5333489384568963
361  31.1062099797803597
362  28.3256943423988581
363  26.0200330822430956
364  24.0826026827369972
365  22.4259084456864244
366  21.0012006910852733
367  19.7493773414518294
368  18.6565931573604686
369  17.6829419495966285
370  16.8175381206523973
371  16.0353548145310398
372  15.3349847382860709
373  14.6957955413274419
374  14.1158452814456474
375  13.5818367890265144
376  13.0949231730336848
377  12.6427818349304513
378  12.2278450002061074
379  11.8404444164523976
380  11.4829381571072133
381  11.1474650843307099
382  10.8354188548047503
383  10.5418426792972575
384  10.2687328186433504
385  10.0100478026638857
386   9.7677857474491070
387   9.5375863981919231
388   9.3217708318558987
389   9.1165218892904214
390   8.9228903135081516
391   8.7383191219687752
392   8.5644233506153249
393   8.3977006239300191
394   8.2404301725197886
395   8.0891099137286080
396   7.9465578607325718
397   7.8090007172287903
398   7.6786467466212986
399   7.5518470822898198
400   7.4328335557591618
401   7.3169498868182741
402   7.2067153046994417
403   7.0990343015737487
404   6.9973134706747286
405   6.8978879095225833
406   6.8040396640610794
407   6.7116311291116757
408   6.6246534923759590
409   6.5393223344356608
410   6.4586519023168600
411   6.3799630466960897
412   6.3051875896447003
413   6.2324466388718367
414   6.1624947292258305
415   6.0942683782171887
416   6.0289871303302132
417   5.9653735715948288
418   5.9042099191502668
419   5.8440347965555777
420   5.7863257960961274
421   5.7301756471700704
422   5.6760306675784644
423   5.6225734279027595
424   5.5720040923581822
425   5.5218967343690597
426   5.4744363746154479
427   5.4269650682149946
428   5.3833090691866730
429   5.3386615903387362
430   5.2971323576562046
431   5.2547043319712339
432   5.2157227093084000
433   5.1759289075452228
434   5.1391047021091047
435   5.1009071187458392
436   5.0657691965157881
437   5.0298487003087491
438   4.9971868976151415
439   4.9635117466367209
440   4.9323856879902763
441   4.9003805008893515
442   4.8708000864738690
443   4.8407174303044069
444   4.8125212717963874
445   4.7847605463359777
446   4.7569995413563655
447   4.7304597717271326
448   4.7033526214741928
449   4.6781468511586706
450   4.6546648544871854
451   4.6295756873441842
452   4.6071999659200129
453   4.5850637230883384
454   4.5706742054010236
455   4.5386376042015009
456   4.5189408871213468
457   4.5006113493731013
458   4.4809387282610311
459   4.4640221046301871
460   4.4456791439357346
461   4.4269613098366172
462   4.4110138994610866
463   4.3927586158817897
464   4.3763550345717714
465   4.3605341608644226
466   4.3436907240052998
467   4.3297029789337715
468   4.3116762377403930
469   4.2954132636596221
470   4.2853943196016901
471   4.2698589880744375
472   4.2594532844075754
473   4.2459356541296929
474   4.2341613196557377
475   4.2227518598214084
476   4.2118244131571236
477   4.1999500356024138
478   4.1886045046106828
479   4.1777406790319649
480   4.1688484520125417
481   4.1585436315367934
482   4.1484093775615110
483   4.1395062960638986
484   4.1306050201485824
485   4.1234309657780219
486   4.1145246354029625
487   4.1070195306966415
488   4.0996787659786298
489   4.0928941147363478
490   4.0861234930099561
491   4.0798531202614035
492   4.0737140414573503
493   4.0677854324889671
494   4.0614836144387816
495   4.0563515079691994
496   4.0515076062809046
497   4.0470562754395418
498   4.0421583881295868
499   4.0380090521142407
500   4.0350252945735656
501   4.0319747162710620
502   4.0292051256239301
503   4.0260628157518550
504   4.0240299392368071
505   4.0217897253330088
506   4.0194282844249383
507   4.0173181925370738
508   4.0156269600654380
509   4.0142720325844055
510   4.0126207693326936
511   4.0113897398266989
512   4.0110740359320385
513   4.0109610869549215
