 0.0000000000     1.9433524608612061
 0.0034196386     1.5654172897338867
 0.0068392772     1.5408219695091248
 0.0102589158     1.1445181965827942
 0.0136785544     1.5780758857727051
 0.0170981921     1.8187668323516846
 0.0205178298     1.7496437430381775
 0.0239374675     1.2129226177930832
 0.0273571052     1.8150659799575806
 0.0307767428     1.1120358556509018
 0.0341963805     1.9413902759552002
 0.0376160182     1.0709350183606148
 0.0410356559     1.2495961785316467
 0.0444552936     1.8935849666595459
 0.0478749312     1.9294050931930542
 0.0512945689     1.6191454529762268
 0.0547142066     1.2591368556022644
 0.0581338443     1.0279840230941772
 0.0615534820     1.3597798943519592
 0.0649731234     1.3498876392841339
 0.0683927611     1.2757721841335297
 0.0718123987     1.6477710604667664
 0.0752320364     1.9694665074348450
 0.0786516741     1.6548200845718384
 0.0820713118     1.0448888465762138
 0.0854909495     1.3028345704078674
 0.0889105871     1.4173828065395355
 0.0923302248     1.1491277962923050
 0.0957498625     1.1491831392049789
 0.0991695002     1.3198340237140656
 0.1025891379     1.8711176514625549
 0.1060087755     1.5060793757438660
 0.1094284132     1.9292091727256775
 0.1128480509     1.5746564865112305
 0.1162676886     1.2682917416095734
 0.1196873263     1.6043396592140198
 0.1231069639     1.4008685946464539
 0.1265266091     1.6413435935974121
 0.1299462467     1.1586229503154755
 0.1333658844     1.8587962388992310
 0.1367855221     1.5932661294937134
 0.1402051598     1.4197130501270294
 0.1436247975     1.6251793503761292
 0.1470444351     1.0358281806111336
 0.1504640728     1.3692658245563507
 0.1538837105     1.2020715475082397
 0.1573033482     1.5893884897232056
 0.1607229859     1.3449095189571381
 0.1641426235     1.2372970879077911
 0.1675622612     1.3747674524784088
 0.1709818989     1.4547933042049408
 0.1744015366     1.1908994764089584
 0.1778211743     1.1369371265172958
 0.1812408119     1.2410824596881866
 0.1846604496     1.9136515855789185
 0.1880800873     1.5303264856338501
 0.1914997250     1.6306921839714050
 0.1949193627     1.5221112966537476
 0.1983390003     1.9081729650497437
 0.2017586380     1.7409205436706543
 0.2051782757     1.1004655882716179
 0.2085979134     1.0539655759930611
 0.2120175511     1.3587198257446289
 0.2154371887     1.6098538041114807
 0.2188568264     1.1064630448818207
 0.2222764641     1.4962139129638672
 0.2256961018     1.2741069197654724
 0.2291157395     1.6096594333648682
 0.2325353771     1.2807400226593018
 0.2359550148     1.7736824750900269
 0.2393746525     1.9151133298873901
 0.2427942902     1.7831949591636658
 0.2462139279     1.3642007708549500
 0.2496335655     1.0552864000201225
 0.2530532181     1.9531310200691223
 0.2564728558     1.8636910319328308
 0.2598924935     1.1070203632116318
 0.2633121312     1.0010054856538773
 0.2667317688     1.2475548684597015
 0.2701514065     1.6699740886688232
 0.2735710442     1.0459465309977531
 0.2769906819     1.9370091557502747
 0.2804103196     1.2909533381462097
 0.2838299572     1.9380580186843872
 0.2872495949     1.2818676829338074
 0.2906692326     1.8119379281997681
 0.2940888703     1.8701138496398926
 0.2975085080     1.6562935709953308
 0.3009281456     1.4540264606475830
 0.3043477833     1.4769256114959717
 0.3077674210     1.0385571718215942
 0.3111870587     1.2889207899570465
 0.3146066964     1.8658324480056763
 0.3180263340     1.7774530053138733
 0.3214459717     0.9606028245761991
 0.3248656094     1.6673891544342041
 0.3282852471     1.3674237132072449
 0.3317048848     1.6893656849861145
 0.3351245224     1.6405697464942932
 0.3385441601     1.2305888831615448
 0.3419637978     1.6011363267898560
 0.3453834355     1.3812875449657440
 0.3488030732     1.6816741228103638
 0.3522227108     1.7929354906082153
 0.3556423485     1.1674657315015793
 0.3590619862     1.3296606838703156
 0.3624816239     1.3799423575401306
 0.3659012616     1.7945215702056885
 0.3693208992     1.7439918518066406
 0.3727405369     0.9427738096565008
 0.3761601746     1.1977972388267517
 0.3795798123     1.8073727488517761
 0.3829994500     1.5271883010864258
 0.3864190876     1.1663926988840103
 0.3898387253     1.1522632390260696
 0.3932583630     1.5768399238586426
 0.3966780007     1.3134631216526031
 0.4000976384     1.3631108105182648
 0.4035172760     0.9431378431618214
 0.4069369137     0.9815069884061813
 0.4103565514     1.1731216013431549
 0.4137761891     1.1911073923110962
 0.4171958268     1.4946230649948120
 0.4206154644     1.1255747228860855
 0.4240351021     0.9349909685552120
 0.4274547398     0.9251726083457470
 0.4308743775     1.1534199714660645
 0.4342940152     1.5670275092124939
 0.4377136528     1.0169022381305695
 0.4411332905     1.6299719810485840
 0.4445529282     1.3418502509593964
 0.4479725659     1.1504432708024979
 0.4513922036     0.9846107959747314
 0.4548118412     1.8380772471427917
 0.4582314789     1.7751370072364807
 0.4616511166     1.3528721034526825
 0.4650707543     1.4756045937538147
 0.4684903920     1.6719086766242981
 0.4719100296     1.7474482655525208
 0.4753296673     0.9050769619643688
 0.4787493050     1.0880940705537796
 0.4821689427     1.2986963689327240
 0.4855885804     1.5724559426307678
 0.4890082181     1.0123015344142914
 0.4924278557     1.0876437723636627
 0.4958474934     1.7248332500457764
 0.4992671311     1.7799732685089111
 0.5026867986     1.2281157672405243
 0.5061064363     1.7941707968711853
 0.5095260739     1.6118831038475037
 0.5129457116     1.6678422689437866
 0.5163653493     1.6328715682029724
 0.5197849870     1.8127135038375854
 0.5232046247     1.7032271623611450
 0.5266242623     0.9207939989864826
 0.5300439000     1.8109660744667053
 0.5334635377     1.5168487429618835
 0.5368831754     0.8743659574538469
 0.5403028131     1.7689406275749207
 0.5437224507     1.4499084949493408
 0.5471420884     1.6018251776695251
 0.5505617261     1.4062721729278564
 0.5539813638     0.9815240800380707
 0.5574010015     1.5653976798057556
 0.5608206391     1.8023511171340942
 0.5642402768     1.3396037220954895
 0.5676599145     1.0934497416019440
 0.5710795522     1.5073912739753723
 0.5744991899     0.8649549409747124
 0.5779188275     1.2845389246940613
 0.5813384652     0.9586572721600533
 0.5847581029     1.7329682111740112
 0.5881777406     1.3774234056472778
 0.5915973783     1.2265610992908478
 0.5950170159     1.7727590799331665
 0.5984366536     1.5860680341720581
 0.6018562913     1.5753934979438782
 0.6052759290     1.5293894410133362
 0.6086955667     1.5547219514846802
 0.6121152043     1.5354148149490356
 0.6155348420     1.1743136644363403
 0.6189544797     1.5408762097358704
 0.6223741174     1.4201211929321289
 0.6257937551     1.4517653584480286
 0.6292133927     1.4057828783988953
 0.6326330304     1.6963270306587219
 0.6360526681     0.9243080765008926
 0.6394723058     1.6254100799560547
 0.6428919435     1.7981765270233154
 0.6463115811     1.1436270475387573
 0.6497312188     1.5681684613227844
 0.6531508565     1.2446593642234802
 0.6565704942     1.2188300192356110
 0.6599901319     0.9432646036148071
 0.6634097695     1.1060288548469543
 0.6668294072     1.3262170553207397
 0.6702490449     0.9020601734519005
 0.6736686826     1.7399220466613770
 0.6770883203     0.9270682781934738
 0.6805079579     0.8584678396582603
 0.6839275956     1.0865732431411743
 0.6873472333     1.0387179851531982
 0.6907668710     1.5321448445320129
 0.6941865087     1.6892956495285034
 0.6976061463     0.8996645808219910
 0.7010257840     1.4402278065681458
 0.7044454217     1.2202992737293243
 0.7078650594     1.7330286502838135
 0.7112846971     0.8054880462586880
 0.7147043347     1.0358114540576935
 0.7181239724     0.9464980512857437
 0.7215436101     1.0946874320507050
 0.7249632478     1.1647277474403381
 0.7283828855     1.3284385204315186
 0.7318025231     1.4790041446685791
 0.7352221608     1.5188041925430298
 0.7386417985     1.2164462804794312
 0.7420614362     1.0257270634174347
 0.7454810739     1.1622000336647034
 0.7489007115     1.6102280616760254
 0.7523203492     1.5479525923728943
 0.7557399869     1.0347040295600891
 0.7591596246     1.0156437754631042
 0.7625792623     1.3713778257369995
 0.7659988999     0.8309302330017090
 0.7694185376     1.1125855445861816
 0.7728381753     1.5345320105552673
 0.7762578130     1.3526920080184937
 0.7796774507     1.2005425095558167
 0.7830970883     1.6406579613685608
 0.7865167260     1.7042560577392578
 0.7899363637     1.2970392107963562
 0.7933560014     1.5827487111091614
 0.7967756391     1.5115608572959900
 0.8001952767     1.0442145466804504
 0.8036149144     1.0065605044364929
 0.8070345521     1.0406132340431213
 0.8104541898     0.8198305070400238
 0.8138738275     0.8286108076572418
 0.8172934651     1.4628930687904358
 0.8207131028     1.0893199741840363
 0.8241327405     0.9211803078651428
 0.8275523782     1.6102909445762634
 0.8309720159     1.0123539865016937
 0.8343916535     0.7225517593324184
 0.8378112912     0.7840189337730408
 0.8412309289     1.3507158160209656
 0.8446505666     1.2396423220634460
 0.8480702043     0.8501874953508377
 0.8514898419     1.0884490609169006
 0.8549094796     1.1990363001823425
 0.8583291173     0.7122622877359390
 0.8617487550     1.3762944936752319
 0.8651683927     0.9733658730983734
 0.8685880303     0.6701773330569267
 0.8720076680     1.2864866256713867
 0.8754273057     1.3495290875434875
 0.8788469434     1.0337322652339935
 0.8822665811     1.1253108382225037
 0.8856862187     0.9957955181598663
 0.8891058564     0.8017941266298294
 0.8925254941     1.1578475236892700
 0.8959451318     1.5618466138839722
 0.8993647695     0.7114329785108566
 0.9027844071     1.4522439241409302
 0.9062040448     1.5476467013359070
 0.9096236825     1.4940743446350098
 0.9130433202     0.6128860991448164
 0.9164629579     1.2295337319374084
 0.9198825955     1.2286331653594971
 0.9233022332     0.9011660218238831
 0.9267218709     1.2214165329933167
 0.9301415086     0.8597769439220428
 0.9335611463     1.3180979490280151
 0.9369807839     1.4347452521324158
 0.9404004216     0.9560638666152954
 0.9438200593     0.7003908157348633
 0.9472396970     0.6097659394145012
 0.9506593347     0.8940438628196716
 0.9540789723     1.4389848709106445
 0.9574986100     0.7804481089115143
 0.9609182477     1.3742108345031738
 0.9643378854     1.0401529073715210
 0.9677575231     1.1970215439796448
 0.9711771607     1.1942296624183655
 0.9745967984     1.5385509133338928
 0.9780164361     0.7004600614309311
 0.9814360738     0.9619624912738800
 0.9848557115     1.0061741769313812
 0.9882753491     1.5244521498680115
 0.9916949868     1.0089983940124512
 0.9951146245     1.5372271537780762
 0.9985342622     0.9730762541294098
 1.0019539595     1.4625059962272644
 1.0053735971     0.6478667929768562
 1.0087932348     1.4219083786010742
 1.0122128725     0.7081953436136246
 1.0156325102     0.8953225910663605
 1.0190521479     0.8410757482051849
 1.0224717855     0.7148350179195404
 1.0258914232     0.6686252057552338
 1.0293110609     1.0887138247489929
 1.0327306986     1.4929051995277405
 1.0361503363     0.8116071224212646
 1.0395699739     0.7608677744865417
 1.0429896116     0.6941116452217102
 1.0464092493     0.7693524360656738
 1.0498288870     1.4619523286819458
 1.0532485247     0.9786692261695862
 1.0566681623     0.7285399883985519
 1.0600878000     1.3278585970401764
 1.0635074377     0.9003711342811584
 1.0669270754     0.7945848405361176
 1.0703467131     0.8000930249691010
 1.0737663507     1.3722582757472992
 1.0771859884     1.3204724788665771
 1.0806056261     0.7963468432426453
 1.0840252638     1.2221676707267761
 1.0874449015     0.7807404994964600
 1.0908645391     0.6738870292901993
 1.0942841768     1.0374193787574768
 1.0977038145     0.6564566642045975
 1.1011234522     1.0109570324420929
 1.1045430899     1.1632659733295441
 1.1079627275     0.5880978107452393
 1.1113823652     1.2174891829490662
 1.1148020029     1.3922962248325348
 1.1182216406     0.5786993205547333
 1.1216412783     0.7668633460998535
 1.1250609159     1.2034487426280975
 1.1284805536     0.4346389034762979
 1.1319001913     1.2728893458843231
 1.1353198290     0.7606714367866516
 1.1387394667     1.0304847061634064
 1.1421591043     0.9681555032730103
 1.1455787420     1.2880578339099884
 1.1489983797     0.5444725900888443
 1.1524180174     0.4237871170043945
 1.1558376551     0.5289948135614395
 1.1592572927     0.9535012543201447
 1.1626769304     0.4759550467133522
 1.1660965681     1.2382230162620544
 1.1695162058     1.2964506149291992
 1.1729358435     0.8429854810237885
 1.1763554811     0.6909056007862091
 1.1797751188     0.9243313968181610
 1.1831947565     1.1188804209232330
 1.1866143942     0.9106226861476898
 1.1900340319     1.0276870131492615
 1.1934536695     0.9802580773830414
 1.1968733072     0.8863200843334198
 1.2002929449     0.9629872143268585
 1.2037125826     0.5244347453117371
 1.2071322203     1.1249046921730042
 1.2105518579     0.5801706463098526
 1.2139714956     1.0928082168102264
 1.2173911333     1.1924085617065430
 1.2208107710     0.7671419978141785
 1.2242304087     0.6853574812412262
 1.2276500463     1.0203890502452850
 1.2310696840     0.6764971315860748
 1.2344893217     1.2086948454380035
 1.2379089594     0.6500138342380524
 1.2413285971     0.4698554128408432
 1.2447482347     1.1388972401618958
 1.2481678724     0.7354338765144348
 1.2515875101     0.6145021319389343
 1.2550071478     0.7572032511234283
 1.2584267855     0.8992916047573090
 1.2618464231     0.6363023817539215
 1.2652660608     1.0491513311862946
 1.2686856985     1.0175356864929199
 1.2721053362     0.4035285562276840
 1.2755249739     0.3390939719974995
 1.2789446115     0.8573972284793854
 1.2823642492     0.8769167959690094
 1.2857838869     1.2732167541980743
 1.2892035246     0.3965254947543144
 1.2926231623     1.1185516715049744
 1.2960427999     0.6869814991950989
 1.2994624376     1.1609346270561218
 1.3028820753     0.3047308400273323
 1.3063017130     0.5919152498245239
 1.3097213507     0.5213959217071533
 1.3131409883     0.8821769654750824
 1.3165606260     0.6881761848926544
 1.3199802637     0.7657219171524048
 1.3233999014     0.8081542700529099
 1.3268195391     1.0308198183774948
 1.3302391768     0.4270434081554413
 1.3336588144     0.7819062471389771
 1.3370784521     0.7460221946239471
 1.3404980898     1.1008956879377365
 1.3439177275     0.8408097773790359
 1.3473373652     1.0056276619434357
 1.3507570028     0.8293564468622208
 1.3541766405     1.0657861977815628
 1.3575962782     0.9126076847314835
 1.3610159159     1.1018172204494476
 1.3644355536     0.8242291212081909
 1.3678551912     0.8749437481164932
 1.3712748289     0.5407452583312988
 1.3746944666     1.1802072376012802
 1.3781141043     0.4977267086505890
 1.3815337420     0.4351700544357300
 1.3849533796     0.8283492028713226
 1.3883730173     1.1492582857608795
 1.3917926550     1.0274085253477097
 1.3952122927     0.5953591018915176
 1.3986319304     0.6159996241331100
 1.4020515680     0.5320324152708054
 1.4054712057     1.0244558602571487
 1.4088908434     0.5650665760040283
 1.4123104811     0.2469315975904465
 1.4157301188     0.5058013945817947
 1.4191497564     0.4509388208389282
 1.4225693941     0.3078567534685135
 1.4259890318     0.8073473870754242
 1.4294086695     1.0179919600486755
 1.4328283072     0.4196477681398392
 1.4362479448     0.2053099349141121
 1.4396675825     0.4402997493743896
 1.4430872202     0.2444691359996796
 1.4465068579     0.9909440055489540
 1.4499264956     0.8380985409021378
 1.4533461332     0.6602063179016113
 1.4567657709     0.5210901722311974
 1.4601854086     0.2058171927928925
 1.4636050463     0.6900338754057884
 1.4670246840     0.4008616358041763
 1.4704443216     0.9165511652827263
 1.4738639593     0.9735376685857773
 1.4772835970     1.0320094674825668
 1.4807032347     0.8412881717085838
 1.4841228724     0.9050165563821793
 1.4875425100     0.5593104213476181
 1.4909621477     0.4486479163169861
 1.4943817854     0.1762348636984825
 1.4978014231     0.0884277150034904
 1.5012210608     0.1550326272845268
 1.5046406984     0.8871903941035271
 1.5080603361     0.5593037903308868
 1.5114799738     0.8698827512562275
 1.5148996115     0.5863874554634094
 1.5183192492     0.7755190879106522
 1.5217388868     0.1710324250161648
 1.5251585245     0.8498689234256744
 1.5285781622     0.8487234637141228
 1.5319977999     0.4601528905332088
 1.5354174376     0.7017036341130733
 1.5388370752     0.5498043894767761
 1.5422567129     0.1944417376071215
 1.5456763506     0.4733300171792507
 1.5490959883     0.6957798413932323
 1.5525156260     0.5926322452723980
 1.5559352636     0.5886506494134665
 1.5593549013     0.4350764798000455
 1.5627745390     0.3076994614675641
 1.5661941767     0.7491263742558658
 1.5696138144     0.9318011559080333
 1.5730334520     0.8901120005175471
 1.5764530897     0.5782738788984716
 1.5798727274     0.9058270668610930
 1.5832923651     0.2866690885275602
 1.5867120028     0.9680612999945879
 1.5901316404     0.5019629877060652
 1.5935512781     0.5085613261908293
 1.5969709158     0.0471079964190722
 1.6003905535     0.2497645765542984
 1.6038101912     0.6876915022730827
 1.6072298288     0.8434150516986847
 1.6106494665     0.7394557148218155
 1.6140691042     0.4644093997776508
 1.6174887419     0.6291345283389091
 1.6209083796    -0.0268730912357569
 1.6243280172     0.7020477727055550
 1.6277476549     0.2855509631335735
 1.6311672926     0.3816486857831478
 1.6345869303     0.8972691297531128
 1.6380065680     0.1578786671161652
 1.6414262056     0.7545073777437210
 1.6448458433     0.2929161414504051
 1.6482654810     0.4557164236903191
 1.6516851187     0.5809051170945168
 1.6551047564     0.1141788884997368
 1.6585243940     0.2743625044822693
 1.6619440317    -0.0469729006290436
 1.6653636694     0.1781252026557922
 1.6687833071     0.2437584251165390
 1.6722029448     0.7255954518914223
 1.6756225824     0.7271542176604271
 1.6790422201     0.1585709899663925
 1.6824618578     0.2082213014364243
 1.6858814955    -0.0528034865856171
 1.6893011332     0.0259273648262024
 1.6927207708     0.3842220604419708
 1.6961404085     0.5024931728839874
 1.6995600462     0.3733022809028625
 1.7029796839    -0.0651811063289642
 1.7063993216     0.5654633194208145
 1.7098189592    -0.0088214427232742
 1.7132385969     0.2035246193408966
 1.7166582346     0.7938224971294403
 1.7200778723     0.4169926792383194
 1.7234975100     0.7370103597640991
 1.7269171476     0.4972478449344635
 1.7303367853     0.0237994194030762
 1.7337564230     0.2083348631858826
 1.7371760607    -0.1563878385350108
 1.7405956984     0.1472050100564957
 1.7440153360     0.6159994304180145
 1.7474349737     0.4371939897537231
 1.7508546114    -0.1332385875284672
 1.7542742491    -0.0381604880094528
 1.7576938868    -0.1762007214128971
 1.7611135244     0.7271740883588791
 1.7645331621     0.6720058470964432
 1.7679527998     0.6776449531316757
 1.7713724375    -0.1957749412395060
 1.7747920752     0.7657501846551895
 1.7782117128     0.2445189207792282
 1.7816313505     0.4769291728734970
 1.7850509882     0.6230126023292542
 1.7884706259     0.5658848732709885
 1.7918902636     0.1851156204938889
 1.7953099012     0.1818904280662537
 1.7987295389     0.4843173474073410
 1.8021491766    -0.2046193145215511
 1.8055688143    -0.1349295526742935
 1.8089884520     0.4624206423759460
 1.8124080896     0.6268589496612549
 1.8158277273     0.5663512349128723
 1.8192473650     0.0014991313219070
 1.8226670027     0.0921587049961090
 1.8260866404     0.2488598525524139
 1.8295062780     0.1551488339900970
 1.8329259157     0.2760416269302368
 1.8363455534     0.3925895988941193
 1.8397651911     0.6329892575740814
 1.8431848288     0.1712260246276855
 1.8466044664     0.4539062976837158
 1.8500241041     0.6167067885398865
 1.8534437418    -0.0904435813426971
 1.8568633795     0.6482143104076385
 1.8602830172    -0.1587388366460800
 1.8637026548     0.6839369535446167
 1.8671222925     0.6033990979194641
 1.8705419302    -0.0843773484230042
 1.8739615679     0.0456210374832153
 1.8773812056    -0.1792054623365402
 1.8808008432     0.6750729680061340
 1.8842204809    -0.1684931516647339
 1.8876401186     0.1630923748016357
 1.8910597563     0.0653224587440491
 1.8944793940     0.3738768100738525
 1.8978990316     0.1849505007266998
 1.9013186693    -0.0710473656654358
 1.9047383070    -0.1239982396364212
 1.9081579447    -0.0749209821224213
 1.9115775824    -0.2121098563075066
 1.9149972200     0.2107242941856384
 1.9184168577     0.3177804946899414
 1.9218364954     0.3168417513370514
 1.9252561331     0.0985470414161682
 1.9286757708    -0.3041797280311584
 1.9320954084     0.3779495954513550
 1.9355150461    -0.0462693870067596
 1.9389346838    -0.2143142223358154
 1.9423543215     0.2011795043945312
 1.9457739592     0.4053524136543274
 1.9491935968    -0.2669248953461647
 1.9526132345    -0.2722074910998344
 1.9560328722     0.0158720314502716
 1.9594525099    -0.0240229368209839
 1.9628721476     0.0691067278385162
 1.9662917852     0.1775452792644501
 1.9697114229     0.0472718179225922
 1.9731310606    -0.1673704534769058
 1.9765506983    -0.1690791696310043
 1.9799703360     0.1246954202651978
 1.9833899736     0.4685705900192261
 1.9868096113    -0.0065631568431854
 1.9902292490    -0.0861511826515198
 1.9936488867    -0.0070499479770660
 1.9970685244    -0.0682596862316132
 2.0004882812    -0.3127066344022751
 2.0039079189     0.1720107197761536
 2.0073275566    -0.0943102836608887
 2.0107471943     0.0302385091781616
 2.0141668320    -0.4073941316455603
 2.0175864697    -0.1459372341632843
 2.0210061073    -0.3761177100241184
 2.0244257450     0.3221615552902222
 2.0278453827     0.4571746289730072
 2.0312650204    -0.0809873938560486
 2.0346846581     0.2996235489845276
 2.0381042957     0.5181085467338562
 2.0415239334     0.5028073489665985
 2.0449435711     0.1381285786628723
 2.0483632088    -0.2844356447458267
 2.0517828465    -0.1558622717857361
 2.0552024841    -0.3230553567409515
 2.0586221218     0.3063387572765350
 2.0620417595    -0.2669810801744461
 2.0654613972    -0.3091848939657211
 2.0688810349    -0.1171232461929321
 2.0723006725     0.0356918573379517
 2.0757203102     0.4481649994850159
 2.0791399479    -0.4561058394610882
 2.0825595856    -0.1829831004142761
 2.0859792233    -0.2194199562072754
 2.0893988609    -0.2828197926282883
 2.0928184986    -0.1566646397113800
 2.0962381363    -0.2987844794988632
 2.0996577740     0.3748021125793457
 2.1030774117    -0.2698163092136383
 2.1064970493    -0.2724444568157196
 2.1099166870    -0.0495249629020691
 2.1133363247     0.2925872802734375
 2.1167559624    -0.0974270105361938
 2.1201756001    -0.2612052857875824
 2.1235952377    -0.0782312452793121
 2.1270148754    -0.1100862920284271
 2.1304345131    -0.4539468660950661
 2.1338541508     0.0870559811592102
 2.1372737885    -0.4294476881623268
 2.1406934261    -0.1465501189231873
 2.1441130638    -0.2662299275398254
 2.1475327015    -0.5037467777729034
 2.1509523392    -0.1609086096286774
 2.1543719769     0.1905763149261475
 2.1577916145    -0.3762106597423553
 2.1612112522    -0.1589094400405884
 2.1646308899    -0.5321674905717373
 2.1680505276    -0.1098711788654327
 2.1714701653     0.2033445835113525
 2.1748898029    -0.2271440327167511
 2.1783094406    -0.3290907591581345
 2.1817290783     0.2911258935928345
 2.1851487160     0.1391722559928894
 2.1885683537     0.2308557629585266
 2.1919879913    -0.3939639925956726
 2.1954076290     0.3238866329193115
 2.1988272667    -0.2441917359828949
 2.2022469044    -0.2210724651813507
 2.2056665421     0.1727276444435120
 2.2090861797     0.3685730099678040
 2.2125058174    -0.2454813718795776
 2.2159254551     0.1353884339332581
 2.2193450928     0.1605125665664673
 2.2227647305    -0.3498668074607849
 2.2261843681    -0.4937312826514244
 2.2296040058     0.0621784329414368
 2.2330236435     0.0769942402839661
 2.2364432812    -0.4023339301347733
 2.2398629189    -0.0526759028434753
 2.2432825565    -0.0554584264755249
 2.2467021942    -0.0682145357131958
 2.2501218319     0.1315641403198242
 2.2535414696     0.2480608224868774
 2.2569611073    -0.1005246639251709
 2.2603807449     0.2183770537376404
 2.2638003826    -0.5478100702166557
 2.2672200203     0.0030899643898010
 2.2706396580     0.3088358044624329
 2.2740592957    -0.5860873125493526
 2.2774789333    -0.3355007171630859
 2.2808985710    -0.5509324669837952
 2.2843182087    -0.3042539656162262
 2.2877378464     0.0988634824752808
 2.2911574841    -0.4054856002330780
 2.2945771217    -0.5943147689104080
 2.2979967594     0.3039563894271851
 2.3014163971     0.2476176619529724
 2.3048360348    -0.1547223925590515
 2.3082556725     0.2355656027793884
 2.3116753101     0.1929555535316467
 2.3150949478    -0.6483912970870733
 2.3185145855     0.3061907887458801
 2.3219342232     0.1630390882492065
 2.3253538609    -0.0726414322853088
 2.3287734985    -0.1506639122962952
 2.3321931362    -0.3063140213489532
 2.3356127739    -0.0097018480300903
 2.3390324116     0.0478154420852661
 2.3424520493    -0.6330220401287079
 2.3458716869     0.1701824665069580
 2.3492913246    -0.2312270402908325
 2.3527109623     0.0508483648300171
 2.3561306000    -0.5640320628881454
 2.3595502377    -0.5312064439058304
 2.3629698753    -0.4766480773687363
 2.3663895130     0.2364143729209900
 2.3698091507     0.1976593732833862
 2.3732287884    -0.2252031266689301
 2.3766484261    -0.3021974265575409
 2.3800680637    -0.3820284605026245
 2.3834877014     0.1973755359649658
 2.3869073391    -0.6983223743736744
 2.3903269768    -0.6476689651608467
 2.3937466145    -0.6818302758038044
 2.3971662521    -0.2218652367591858
 2.4005858898    -0.1996839046478271
 2.4040055275     0.1474713683128357
 2.4074251652    -0.1054042577743530
 2.4108448029     0.1352671980857849
 2.4142644405    -0.0342202782630920
 2.4176840782    -0.4046484827995300
 2.4211037159     0.1927891969680786
 2.4245233536     0.2209642529487610
 2.4279429913    -0.0509113669395447
 2.4313626289    -0.4943097531795502
 2.4347822666     0.0604583024978638
 2.4382019043    -0.3186061084270477
 2.4416215420    -0.1575356125831604
 2.4450411797    -0.5726314634084702
 2.4484608173    -0.5474104732275009
 2.4518804550    -0.4172444045543671
 2.4553000927     0.0791490077972412
 2.4587197304    -0.6978880167007446
 2.4621393681    -0.6727351397275925
 2.4655590057    -0.5766464322805405
 2.4689786434    -0.7774619921110570
 2.4723982811    -0.2812442183494568
 2.4758179188    -0.7344460226595402
 2.4792375565    -0.0614224076271057
 2.4826571941     0.1958801150321960
 2.4860768318    -0.2634941935539246
 2.4894964695     0.1207394003868103
 2.4929161072    -0.1452019214630127
 2.4963357449    -0.4494818150997162
 2.4997553825     0.1517804861068726
 2.5031750202    -0.2715141773223877
 2.5065946579    -0.5352620780467987
 2.5100142956    -0.7680318430066109
 2.5134339333    -0.1141770482063293
 2.5168535709    -0.6573232710361481
 2.5202732086    -0.0964626073837280
 2.5236928463    -0.4743733704090118
 2.5271124840    -0.7480011656880379
 2.5305321217    -0.6387391537427902
 2.5339517593    -0.5190470516681671
 2.5373713970    -0.3881607353687286
 2.5407910347    -0.3654291927814484
 2.5442106724    -0.5449526011943817
 2.5476303101    -0.2409090995788574
 2.5510499477    -0.1420484781265259
 2.5544695854     0.1016799807548523
 2.5578892231    -0.2062895894050598
 2.5613088608     0.0025699138641357
 2.5647284985    -0.4068324565887451
 2.5681481361    -0.4064403176307678
 2.5715677738    -0.6849192678928375
 2.5749874115    -0.8287248089909554
 2.5784070492    -0.6233638077974319
 2.5818266869    -0.2803779244422913
 2.5852463245    -0.1230222582817078
 2.5886659622     0.0046947598457336
 2.5920855999    -0.0380112528800964
 2.5955052376    -0.0530301928520203
 2.5989248753    -0.0634777545928955
 2.6023445129     0.1069760918617249
 2.6057641506     0.0855263471603394
 2.6091837883    -0.7946770936250687
 2.6126034260    -0.0643476843833923
 2.6160230637    -0.7879545986652374
 2.6194427013     0.0422600507736206
 2.6228623390    -0.0950210690498352
 2.6262819767    -0.7124540507793427
 2.6297016144    -0.2299832105636597
 2.6331212521    -0.7790058925747871
 2.6365408897    -0.0453560352325439
 2.6399605274     0.0810893177986145
 2.6433801651    -0.6550264507532120
 2.6467998028    -0.5759036540985107
 2.6502194405    -0.6075635254383087
 2.6536390781    -0.7305954247713089
 2.6570587158     0.0328379869461060
 2.6604783535    -0.1362631916999817
 2.6638979912    -0.1833723783493042
 2.6673176289    -0.0534934997558594
 2.6707372665    -0.0326121449470520
 2.6741569042     0.0638397336006165
 2.6775765419    -0.4776638746261597
 2.6809961796    -0.2731256484985352
 2.6844158173    -0.3854435086250305
 2.6878354549     0.0351125597953796
 2.6912550926    -0.6923203170299530
 2.6946747303    -0.5048431754112244
 2.6980943680    -0.2020377516746521
 2.7015140057    -0.3956469893455505
 2.7049336433    -0.5309073925018311
 2.7083532810    -0.6234781742095947
 2.7117729187    -0.5524450838565826
 2.7151925564    -0.6746906340122223
 2.7186121941    -0.0634920597076416
 2.7220318317    -0.8830493148416281
 2.7254514694    -0.2328248620033264
 2.7288711071    -0.2632620334625244
 2.7322907448    -0.0290866494178772
 2.7357103825    -0.2009062767028809
 2.7391300201    -0.6738297790288925
 2.7425496578    -0.2499279379844666
 2.7459692955    -0.6877818256616592
 2.7493889332    -0.4615775048732758
 2.7528085709     0.0009913444519043
 2.7562282085    -0.5078677535057068
 2.7596478462    -0.3355903029441833
 2.7630674839    -0.5445316731929779
 2.7664871216    -0.0916253328323364
 2.7699067593    -0.1100392937660217
 2.7733263969    -0.7580715715885162
 2.7767460346    -0.2386295795440674
 2.7801656723    -0.0955525636672974
 2.7835853100     0.0098241567611694
 2.7870049477    -0.2450385689735413
 2.7904245853    -0.1465479731559753
 2.7938442230    -0.8631429225206375
 2.7972638607    -0.0999454855918884
 2.8006834984    -0.8110846579074860
 2.8041031361    -0.7560667544603348
 2.8075227737    -0.0628011822700500
 2.8109424114    -0.0510873794555664
 2.8143620491    -0.7576319426298141
 2.8177816868    -0.0452344417572021
 2.8212013245    -0.1196436285972595
 2.8246209621    -0.6715324521064758
 2.8280405998    -0.1773754358291626
 2.8314602375    -0.5430902242660522
 2.8348798752    -0.3178088665008545
 2.8382995129    -0.6540555655956268
 2.8417191505    -0.0513936877250671
 2.8451387882    -0.9275758340954781
 2.8485584259    -0.6257745623588562
 2.8519780636    -0.4259654879570007
 2.8553977013    -0.0326838493347168
 2.8588173389    -0.0654289126396179
 2.8622369766    -0.3748418092727661
 2.8656566143    -0.2581412792205811
 2.8690762520    -0.7649756819009781
 2.8724958897    -0.4680667519569397
 2.8759155273    -0.2192692756652832
 2.8793351650    -0.9042500816285610
 2.8827548027    -0.5459281802177429
 2.8861744404    -0.4652011990547180
 2.8895940781    -0.7166742086410522
 2.8930137157    -0.1397734880447388
 2.8964333534    -0.6817160844802856
 2.8998529911    -0.4544064998626709
 2.9032726288    -0.2021495699882507
 2.9066922665    -0.2668376564979553
 2.9101119041    -0.1349370479583740
 2.9135315418    -0.0158861875534058
 2.9169511795    -0.7170739769935608
 2.9203708172    -0.7092270851135254
 2.9237904549    -0.4361280202865601
 2.9272100925    -0.7276316434144974
 2.9306297302    -0.5076123774051666
 2.9340493679    -0.1161787509918213
 2.9374690056    -0.9351184628903866
 2.9408886433    -0.2381750941276550
 2.9443082809    -0.9008779227733612
 2.9477279186    -0.5960392057895660
 2.9511475563    -0.6488502323627472
 2.9545671940    -0.3688254356384277
 2.9579868317    -0.3235327005386353
 2.9614064693    -0.5830321907997131
 2.9648261070    -0.0216464400291443
 2.9682457447    -0.0674051046371460
 2.9716653824    -0.1333436369895935
 2.9750850201    -0.8607831597328186
 2.9785046577    -0.4593566656112671
 2.9819242954    -0.1200921535491943
 2.9853439331    -0.9599356912076473
 2.9887635708    -0.0812856554985046
 2.9921832085    -0.3577247858047485
 2.9956028461    -0.5004716217517853
 2.9990224838    -0.7417813539505005
 3.0024421215    -0.2709985971450806
 3.0058617592    -0.9435994513332844
 3.0092813969    -0.4429419636726379
 3.0127010345    -0.1498539447784424
 3.0161206722    -0.0014547109603882
 3.0195403099    -0.6867330968379974
 3.0229599476    -0.3813796639442444
 3.0263795853    -0.8505182862281799
 3.0297992229    -0.3848193287849426
 3.0332188606    -0.9345842301845551
 3.0366384983    -0.5015870630741119
 3.0400581360    -0.7225157320499420
 3.0434777737    -0.1574740409851074
 3.0468974113    -0.5770787894725800
 3.0503170490    -0.4324557185173035
 3.0537366867    -0.0044810175895691
 3.0571563244    -0.4724457263946533
 3.0605759621    -0.3959972262382507
 3.0639955997    -0.5105418562889099
 3.0674152374    -0.6171800196170807
 3.0708348751    -0.6323848664760590
 3.0742545128    -0.6340854465961456
 3.0776741505    -0.3354655504226685
 3.0810937881    -0.8298512101173401
 3.0845134258    -0.0580081343650818
 3.0879330635    -0.7214363813400269
 3.0913527012    -0.9324494674801826
 3.0947723389    -0.1739471554756165
 3.0981919765    -0.5024531781673431
 3.1016116142    -0.3704462051391602
 3.1050312519    -0.3813254237174988
 3.1084508896    -0.2189618349075317
 3.1118705273    -0.0127952098846436
 3.1152901649    -0.9570360556244850
 3.1187098026    -0.7834744751453400
 3.1221294403    -0.7328639924526215
 3.1255490780    -0.2213996052742004
 3.1289687157    -0.3929482102394104
 3.1323883533    -0.8497844934463501
 3.1358079910    -0.9932272369042039
 3.1392276287    -0.8804360479116440
 3.1426472664    -0.6638725996017456
 3.1460669041    -0.8204246014356613
 3.1494865417    -0.1993111968040466
 3.1529061794    -0.4548100233078003
 3.1563258171    -0.2236345410346985
 3.1597454548    -0.3032091259956360
 3.1631650925    -0.1603461503982544
 3.1665847301    -0.3016836047172546
 3.1700043678    -0.6424555182456970
 3.1734240055    -0.4515236616134644
 3.1768436432    -0.9517153054475784
 3.1802632809    -0.2376539111137390
 3.1836829185    -0.8801760375499725
 3.1871025562    -0.7285382151603699
 3.1905221939    -0.2470764517784119
 3.1939418316    -0.3955038785934448
 3.1973614693    -0.4911406040191650
 3.2007811069    -0.8904968723654747
 3.2042007446    -0.7010673880577087
 3.2076203823    -0.7966524064540863
 3.2110400200    -0.3893305063247681
 3.2144596577    -0.7253960371017456
 3.2178792953    -0.6813516020774841
 3.2212989330    -0.9117055833339691
 3.2247185707    -0.1894152760505676
 3.2281382084    -0.9381840787827969
 3.2315578461    -0.7460770606994629
 3.2349774837    -0.0947332978248596
 3.2383971214    -0.1928138732910156
 3.2418167591    -0.3128362894058228
 3.2452363968    -0.1501951217651367
 3.2486560345    -0.0952732563018799
 3.2520756721    -0.3204563260078430
 3.2554953098    -0.0488618612289429
 3.2589149475    -0.3963555693626404
 3.2623345852    -0.3048356175422668
 3.2657542229    -0.1489983797073364
 3.2691738605    -0.8923712968826294
 3.2725934982    -0.9665306638926268
 3.2760131359     0.0047132372856140
 3.2794327736    -0.9247975200414658
 3.2828524113    -0.7389239072799683
 3.2862720490    -0.3935384750366211
 3.2896916866    -0.8107097893953323
 3.2931113243    -0.1654039025306702
 3.2965309620    -0.2428280115127563
 3.2999505997    -0.7716520726680756
 3.3033702374    -0.3926615118980408
 3.3067898750    -0.4459697008132935
 3.3102095127    -0.5523723065853119
 3.3136291504    -0.1356446146965027
 3.3170487881    -0.2535682916641235
 3.3204684258    -0.0816647410392761
 3.3238880634    -0.2181044220924377
 3.3273077011    -0.9437454566359520
 3.3307273388    -0.5640941560268402
 3.3341469765    -0.1724022626876831
 3.3375666142    -0.1242496967315674
 3.3409862518    -0.6155630052089691
 3.3444058895    -0.2208128571510315
 3.3478255272    -0.2074280381202698
 3.3512451649    -0.6333794295787811
 3.3546648026    -0.8119191527366638
 3.3580844402    -0.7324433475732803
 3.3615040779    -0.5369238555431366
 3.3649237156    -0.3472235798835754
 3.3683433533    -0.6085589230060577
 3.3717629910    -0.3625527024269104
 3.3751826286    -0.7771719098091125
 3.3786022663    -0.7968529909849167
 3.3820219040    -0.3034035563468933
 3.3854415417    -0.0365901589393616
 3.3888611794    -0.2689928412437439
 3.3922808170    -0.7036662399768829
 3.3957004547    -0.4978508949279785
 3.3991200924    -0.8092869967222214
 3.4025397301    -0.9080212414264679
 3.4059593678    -0.2226212024688721
 3.4093790054    -0.1349043846130371
 3.4127986431    -0.3597198128700256
 3.4162182808    -0.3729762434959412
 3.4196379185    -0.7657181173563004
 3.4230575562    -0.8453326448798180
 3.4264771938    -0.4972988963127136
 3.4298968315    -0.6798360645771027
 3.4333164692    -0.5930433571338654
 3.4367361069    -0.2250268459320068
 3.4401557446    -0.4438953995704651
 3.4435753822    -0.7329771667718887
 3.4469950199    -0.8202024400234222
 3.4504146576    -0.6342883706092834
 3.4538342953    -0.2764148116111755
 3.4572539330    -0.8008006513118744
 3.4606735706    -0.4070438742637634
 3.4640932083    -0.8839091360569000
 3.4675128460    -0.6953416168689728
 3.4709324837    -0.9341313950717449
 3.4743521214    -0.6763127446174622
 3.4777717590    -0.1650649905204773
 3.4811913967    -0.9076356142759323
 3.4846110344    -0.2555098533630371
 3.4880306721    -0.7417145222425461
 3.4914503098    -0.1096016168594360
 3.4948699474    -0.7010238915681839
 3.4982895851    -0.0918006300926208
 3.5017092228    -0.6481606364250183
 3.5051288605    -0.6046882867813110
 3.5085484982    -0.5819475352764130
 3.5119681358    -0.8210978880524635
 3.5153877735    -0.3316991925239563
 3.5188074112    -0.5775957405567169
 3.5222270489    -0.7878919541835785
 3.5256466866    -0.0574060678482056
 3.5290663242    -0.3579891920089722
 3.5324859619    -0.9152005948126316
 3.5359055996    -0.6975559145212173
 3.5393252373     0.0759866237640381
 3.5427448750     0.0710049867630005
 3.5461645126    -0.5913512110710144
 3.5495841503    -0.9024457251653075
 3.5530037880     0.0217046737670898
 3.5564234257    -0.0652734041213989
 3.5598430634    -0.8528148010373116
 3.5632627010    -0.0497761368751526
 3.5666823387    -0.8715547285974026
 3.5701019764    -0.7627843022346497
 3.5735216141    -0.6372549235820770
 3.5769412518    -0.0526007413864136
 3.5803608894    -0.5665362477302551
 3.5837805271    -0.6144671142101288
 3.5872001648    -0.6646332591772079
 3.5906198025    -0.1245705485343933
 3.5940394402    -0.1548342108726501
 3.5974590778     0.0779177546501160
 3.6008787155    -0.1651998162269592
 3.6042983532    -0.6174753904342651
 3.6077179909    -0.8372515998780727
 3.6111376286    -0.5883793234825134
 3.6145572662    -0.7112350165843964
 3.6179769039    -0.0214896202087402
 3.6213965416    -0.7617372125387192
 3.6248161793    -0.2013410329818726
 3.6282358170    -0.7625819742679596
 3.6316554546    -0.3694096207618713
 3.6350750923     0.0100386738777161
 3.6384947300    -0.5834463536739349
 3.6419143677    -0.1395170092582703
 3.6453340054    -0.1602675318717957
 3.6487536430    -0.2406310439109802
 3.6521732807    -0.3937307298183441
 3.6555929184    -0.0870048999786377
 3.6590125561    -0.0339083075523376
 3.6624321938    -0.4112295210361481
 3.6658518314     0.0229821801185608
 3.6692714691    -0.5275192558765411
 3.6726911068    -0.6517590433359146
 3.6761107445    -0.1926141977310181
 3.6795303822    -0.6558178663253784
 3.6829500198    -0.2921121716499329
 3.6863696575    -0.6713075786828995
 3.6897892952    -0.1141247153282166
 3.6932089329    -0.1205155849456787
 3.6966285706     0.1195883750915527
 3.7000482082    -0.5664980709552765
 3.7034678459     0.1291497945785522
 3.7068874836     0.0432826280593872
 3.7103071213    -0.0326303243637085
 3.7137267590    -0.0858936905860901
 3.7171463966    -0.2935697436332703
 3.7205660343    -0.6346004903316498
 3.7239856720    -0.6109094768762589
 3.7274053097    -0.5760968327522278
 3.7308249474    -0.1610993742942810
 3.7342445850    -0.3127891421318054
 3.7376642227    -0.4943827390670776
 3.7410838604    -0.6361430883407593
 3.7445034981    -0.4484871327877045
 3.7479231358    -0.4765124022960663
 3.7513427734    -0.1157910823822021
 3.7547624111    -0.0297930240631104
 3.7581820488    -0.5755103677511215
 3.7616016865    -0.1198643445968628
 3.7650213242    -0.3089579343795776
 3.7684409618    -0.1862163543701172
 3.7718605995     0.0757207274436951
 3.7752802372    -0.0175093412399292
 3.7786998749     0.1634618043899536
 3.7821195126    -0.1429694294929504
 3.7855391502    -0.3063254952430725
 3.7889587879    -0.5387757718563080
 3.7923784256    -0.4708911776542664
 3.7957980633    -0.3883148729801178
 3.7992177010    -0.5685170888900757
 3.8026373386    -0.7808261960744858
 3.8060569763    -0.2727034687995911
 3.8094766140    -0.2428289651870728
 3.8128962517    -0.1773941516876221
 3.8163158894    -0.0251590609550476
 3.8197355270    -0.3804001510143280
 3.8231551647    -0.5551577508449554
 3.8265748024    -0.0531941652297974
 3.8299944401     0.0183669924736023
 3.8334140778    -0.3009779155254364
 3.8368337154    -0.4836765229701996
 3.8402533531    -0.0469727516174316
 3.8436729908     0.1244477033615112
 3.8470926285    -0.6222642362117767
 3.8505122662     0.0304159522056580
 3.8539319038    -0.6876129060983658
 3.8573515415    -0.3356349766254425
 3.8607711792    -0.1106695532798767
 3.8641908169    -0.3304052054882050
 3.8676104546    -0.1423688530921936
 3.8710300922     0.1828370690345764
 3.8744497299    -0.5994651466608047
 3.8778693676    -0.3278239369392395
 3.8812890053    -0.5711741000413895
 3.8847086430    -0.3841414749622345
 3.8881282806    -0.6063531488180161
 3.8915479183     0.1260843276977539
 3.8949675560    -0.6856123246252537
 3.8983871937     0.1872558593750000
 3.9018068314    -0.7220741370692849
 3.9052264690    -0.5258453190326691
 3.9086461067    -0.3127442896366119
 3.9120657444    -0.0694092512130737
 3.9154853821     0.1977893114089966
 3.9189050198    -0.0284870266914368
 3.9223246574    -0.1852003931999207
 3.9257442951     0.1331346631050110
 3.9291639328     0.1117086410522461
 3.9325835705     0.0813642740249634
 3.9360032082     0.1581434011459351
 3.9394228458    -0.2069432139396667
 3.9428424835    -0.2654461562633514
 3.9462621212    -0.6196847930550575
 3.9496817589     0.1772993206977844
 3.9531013966     0.2521196603775024
 3.9565210342    -0.6271820627152920
 3.9599406719    -0.3186028003692627
 3.9633603096    -0.1988885700702667
 3.9667799473    -0.1654147505760193
 3.9701995850    -0.4306392520666122
 3.9736192226    -0.5429538637399673
 3.9770388603     0.0752349495887756
 3.9804584980    -0.5556458234786987
 3.9838781357    -0.4006300866603851
 3.9872977734    -0.6148575097322464
 3.9907174110     0.0591418147087097
 3.9941370487    -0.0507043004035950
 3.9975566864    -0.5329281315207481
 4.0009765625    -0.4326109439134598
 4.0043964386     0.1290062069892883
 4.0078163147    -0.2712224125862122
 4.0112361908    -0.2950647175312042
 4.0146560669    -0.1383633017539978
 4.0180759430    -0.3252222239971161
 4.0214958191     0.1290382742881775
 4.0249156952    -0.3035428225994110
 4.0283355713     0.1746325492858887
 4.0317554474    -0.5840269923210144
 4.0351753235     0.0475615262985229
 4.0385951996    -0.0137806534767151
 4.0420150757     0.1122225522994995
 4.0454349518     0.2346193790435791
 4.0488548279    -0.0753789544105530
 4.0522747040     0.1190522313117981
 4.0556945801     0.2784578204154968
 4.0591144562     0.3783507347106934
 4.0625343323     0.3900989294052124
 4.0659542084     0.2324295043945312
 4.0693740845    -0.2318802773952484
 4.0727939606     0.1321368813514709
 4.0762138367     0.3243740200996399
 4.0796337128     0.1872462034225464
 4.0830535889    -0.0597349405288696
 4.0864734650    -0.3732121884822845
 4.0898933411     0.1476781964302063
 4.0933132172     0.0991635918617249
 4.0967330933    -0.0265913009643555
 4.1001529694     0.0525823235511780
 4.1035728455    -0.0859933197498322
 4.1069927216    -0.5248869769275188
 4.1104125977     0.0603854060173035
 4.1138324738    -0.1554755568504333
 4.1172523499    -0.2019118666648865
 4.1206722260    -0.2644774019718170
 4.1240921021    -0.2213260531425476
 4.1275119781    -0.4297935441136360
 4.1309318542     0.1531784534454346
 4.1343517303     0.0021369457244873
 4.1377716064    -0.0275186300277710
 4.1411914825     0.0556363463401794
 4.1446113586     0.3077549934387207
 4.1480312347     0.3045912384986877
 4.1514511108     0.2577078938484192
 4.1548709869    -0.4773857034742832
 4.1582908630    -0.1115190088748932
 4.1617107391     0.4117863774299622
 4.1651306152     0.3590973019599915
 4.1685504913     0.1832310557365417
 4.1719703674    -0.1687507331371307
 4.1753902435    -0.0892699956893921
 4.1788101196    -0.1722657084465027
 4.1822299957    -0.4471886791288853
 4.1856498718     0.4727418422698975
 4.1890697479    -0.1180051565170288
 4.1924896240     0.0885655879974365
 4.1959095001     0.3393548429012299
 4.1993293762    -0.2162760496139526
 4.2027492523     0.2394735515117645
 4.2061691284    -0.2320023477077484
 4.2095890045    -0.0821441709995270
 4.2130088806     0.2120980620384216
 4.2164287567    -0.2056156396865845
 4.2198486328     0.2843582332134247
 4.2232685089     0.4924142062664032
 4.2266883850    -0.0271304845809937
 4.2301082611     0.1771464347839355
 4.2335281372    -0.2887575924396515
 4.2369480133    -0.3208097070455551
 4.2403678894    -0.1480516791343689
 4.2437877655     0.1569691002368927
 4.2472076416    -0.3396489471197128
 4.2506275177     0.0010828673839569
 4.2540473938    -0.1950919032096863
 4.2574672699     0.3367766439914703
 4.2608871460     0.0005376040935516
 4.2643070221    -0.0082212388515472
 4.2677268982     0.5369701981544495
 4.2711467743     0.5685705840587616
 4.2745666504    -0.1931229978799820
 4.2779865265    -0.2921740114688873
 4.2814064026    -0.2096274346113205
 4.2848262787     0.5326472520828247
 4.2882461548    -0.2256216406822205
 4.2916660309     0.0421294271945953
 4.2950859070     0.0895466804504395
 4.2985057831     0.1702120304107666
 4.3019256592    -0.0583921968936920
 4.3053455353    -0.2658125013113022
 4.3087654114    -0.1287754774093628
 4.3121852875     0.0844935774803162
 4.3156051636    -0.1286421418190002
 4.3190250397     0.4548542201519012
 4.3224449158     0.0454864799976349
 4.3258647919    -0.1226261556148529
 4.3292846680     0.1208595335483551
 4.3327045441     0.4129692316055298
 4.3361244202     0.6257077455520630
 4.3395442963     0.3025487363338470
 4.3429641724     0.4600074291229248
 4.3463840485     0.3085643947124481
 4.3498039246    -0.0389054715633392
 4.3532238007    -0.0006871819496155
 4.3566436768     0.3895865380764008
 4.3600635529     0.6501973867416382
 4.3634834290    -0.2417065948247910
 4.3669033051     0.6251915097236633
 4.3703231812     0.4373113214969635
 4.3737430573    -0.1468919515609741
 4.3771629333     0.1689516901969910
 4.3805828094     0.4631024301052094
 4.3840026855     0.4319950342178345
 4.3874225616    -0.3176266928203404
 4.3908424377     0.3439503014087677
 4.3942623138    -0.2006516307592392
 4.3976821899     0.6141462028026581
 4.4011020660    -0.1608425229787827
 4.4045219421     0.3003415763378143
 4.4079418182    -0.1132851392030716
 4.4113616943     0.3113062977790833
 4.4147815704     0.1958209872245789
 4.4182014465    -0.1350059062242508
 4.4216213226     0.6170234680175781
 4.4250411987    -0.2410548254847527
 4.4284610748     0.2342357933521271
 4.4318809509     0.5986433625221252
 4.4353008270     0.3706450760364532
 4.4387207031    -0.0385764539241791
 4.4421405792     0.5712662041187286
 4.4455604553     0.2777496278285980
 4.4489803314    -0.2244600281119347
 4.4524002075     0.3050354123115540
 4.4558200836     0.1211109757423401
 4.4592399597     0.3035562932491302
 4.4626598358     0.3756538331508636
 4.4660797119     0.7105685919523239
 4.4694995880     0.3538545817136765
 4.4729194641     0.2491182237863541
 4.4763393402     0.2208667695522308
 4.4797592163     0.0621567517518997
 4.4831790924     0.4055048078298569
 4.4865989685     0.4622054398059845
 4.4900188446     0.6357789635658264
 4.4934387207     0.2529074400663376
 4.4968585968     0.5867118388414383
 4.5002784729     0.4614067971706390
 4.5036983490     0.5427334457635880
 4.5071182251    -0.1759809684008360
 4.5105381012     0.2081740349531174
 4.5139579773     0.0859106779098511
 4.5173778534     0.5290902704000473
 4.5207977295     0.3583103567361832
 4.5242176056     0.6372237205505371
 4.5276374817    -0.0463787168264389
 4.5310573578     0.5645633190870285
 4.5344772339     0.0277114361524582
 4.5378971100     0.2291811257600784
 4.5413169861    -0.1479424312710762
 4.5447368622     0.1008496284484863
 4.5481567383     0.8263456076383591
 4.5515766144     0.4351759403944016
 4.5549964905     0.3801336288452148
 4.5584163666     0.4413607269525528
 4.5618362427    -0.1481295917183161
 4.5652561188     0.3985712975263596
 4.5686759949    -0.0558254793286324
 4.5720958710     0.4231487959623337
 4.5755157471     0.5751483738422394
 4.5789356232     0.2532328814268112
 4.5823554993     0.4968386292457581
 4.5857753754    -0.0553462058305740
 4.5891952515     0.7090703397989273
 4.5926151276     0.0685673579573631
 4.5960350037     0.4889659211039543
 4.5994548798     0.6209735423326492
 4.6028747559     0.7650136724114418
 4.6062946320     0.6688803136348724
 4.6097145081     0.0975044220685959
 4.6131343842     0.0328136384487152
 4.6165542603     0.1070104688405991
 4.6199741364     0.3701341003179550
 4.6233940125     0.2639197036623955
 4.6268138885     0.7895257398486137
 4.6302337646     0.8717423751950264
 4.6336536407     0.0535842552781105
 4.6370735168     0.1981445550918579
 4.6404933929     0.6802287176251411
 4.6439132690     0.7349571436643600
 4.6473331451     0.8589765951037407
 4.6507530212     0.6931542046368122
 4.6541728973     0.5351813323795795
 4.6575927734     0.2440118603408337
 4.6610126495     0.3898763544857502
 4.6644325256     0.5700546242296696
 4.6678524017     0.0807353518903255
 4.6712722778     0.2497654594480991
 4.6746921539     0.5764851570129395
 4.6781120300     0.7132667787373066
 4.6815319061     0.3273819889873266
 4.6849517822     0.2941892109811306
 4.6883716583     0.0376826040446758
 4.6917915344     0.1850614920258522
 4.6952114105     0.2748564109206200
 4.6986312866     0.7178418328985572
 4.7020511627     0.0083032315596938
 4.7054710388     0.8062371090054512
 4.7088909149     0.8015749049372971
 4.7123107910     0.6771056771322037
 4.7157306671     0.3469905613455921
 4.7191505432     0.2824748954735696
 4.7225704193     0.9713584333658218
 4.7259902954     0.9970337254926562
 4.7294101715     0.3021154943853617
 4.7328300476     0.8471785970032215
 4.7362499237     0.5389170181006193
 4.7396697998     0.4072521887719631
 4.7430896759     0.7919678259640932
 4.7465095520     0.3916583731770515
 4.7499294281     0.0648132897913456
 4.7533493042     0.9539427198469639
 4.7567691803     0.1696743406355381
 4.7601890564     0.8245997950434685
 4.7636089325     0.8290836513042450
 4.7670288086     0.3935347273945808
 4.7704486847     0.1654494069516659
 4.7738685608     0.4439231492578983
 4.7772884369     0.8668666481971741
 4.7807083130     1.0251974910497665
 4.7841281891     0.1014023497700691
 4.7875480652     0.9140553697943687
 4.7909679413     0.8567158505320549
 4.7943878174     0.4306490719318390
 4.7978076935     0.2145098373293877
 4.8012275696     0.4589309692382812
 4.8046474457     0.4597921594977379
 4.8080673218     0.6293687373399734
 4.8114871979     0.9098848849534988
 4.8149070740     0.4121656417846680
 4.8183269501     0.7664101496338844
 4.8217468262     0.3225994110107422
 4.8251667023     1.0112857148051262
 4.8285865784     0.5269046276807785
 4.8320064545     0.9718795940279961
 4.8354263306     0.4273079931735992
 4.8388462067     0.5475763529539108
 4.8422660828     0.2268974483013153
 4.8456859589     1.0124203860759735
 4.8491058350     0.3399309515953064
 4.8525257111     1.0273297727108002
 4.8559455872     0.9567188173532486
 4.8593654633     1.0758308023214340
 4.8627853394     0.3928624689579010
 4.8662052155     0.5724005848169327
 4.8696250916     0.8857558220624924
 4.8730449677     0.7705475389957428
 4.8764648438     0.5562473684549332
 4.8798847198     1.1652415990829468
 4.8833045959     1.1113948076963425
 4.8867244720     1.1531445831060410
 4.8901443481     0.8343245983123779
 4.8935642242     0.5479735136032104
 4.8969841003     0.6693174839019775
 4.9004039764     0.7400667518377304
 4.9038238525     0.6564567834138870
 4.9072437286     0.6043510586023331
 4.9106636047     0.4007619619369507
 4.9140834808     1.0537585467100143
 4.9175033569     1.0631287693977356
 4.9209232330     0.7006812691688538
 4.9243431091     0.4385011196136475
 4.9277629852     0.2972091436386108
 4.9311828613     0.6683695465326309
 4.9346027374     0.7490258216857910
 4.9380226135     1.0280794203281403
 4.9414424896     0.2688198387622833
 4.9448623657     1.2193493992090225
 4.9482822418     0.5299377739429474
 4.9517021179     0.3709844797849655
 4.9551219940     1.0969853103160858
 4.9585418701     0.5778842717409134
 4.9619617462     0.8803747445344925
 4.9653816223     0.3663140907883644
 4.9688014984     1.2507725059986115
 4.9722213745     1.1915897428989410
 4.9756412506     0.7727435231208801
 4.9790611267     1.1846910715103149
 4.9824810028     0.9865860939025879
 4.9859008789     1.0934042036533356
 4.9893207550     0.2940772101283073
 4.9927406311     1.1154082417488098
 4.9961605072     0.8747276663780212
 4.9995803833     0.4289495646953583
 5.0030002594     0.8779513537883759
 5.0064201355     0.4072328209877014
 5.0098400116     1.2791227996349335
 5.0132598877     0.3697529137134552
 5.0166797638     0.4293259829282761
 5.0200996399     0.5041480362415314
 5.0235195160     0.8299141228199005
 5.0269393921     0.6473829150199890
 5.0303592682     0.6188152432441711
 5.0337791443     0.7382988035678864
 5.0371990204     0.6150786280632019
 5.0406188965     1.1191236078739166
 5.0440387726     0.5186627805233002
 5.0474586487     0.5000899136066437
 5.0508785248     0.9806399345397949
 5.0542984009     0.8073574006557465
 5.0577182770     0.6683130562305450
 5.0611381531     0.4310272559523582
 5.0645580292     1.1723589003086090
 5.0679779053     0.9476656317710876
 5.0713977814     0.9320472776889801
 5.0748176575     0.3668910395354033
 5.0782375336     1.2560074329376221
 5.0816574097     0.5395386368036270
 5.0850772858     0.8234336078166962
 5.0884971619     0.8690746128559113
 5.0919170380     1.3655702471733093
 5.0953369141     1.2718469202518463
 5.0987567902     0.9267062544822693
 5.1021766663     0.6258776336908340
 5.1055965424     0.5270849019289017
 5.1090164185     1.1148832440376282
 5.1124362946     1.3589048981666565
 5.1158561707     1.3741744756698608
 5.1192760468     0.5194635838270187
 5.1226959229     1.0586756169795990
 5.1261157990     0.8737784922122955
 5.1295356750     0.4419838227331638
 5.1329555511     1.2456454336643219
 5.1363754272     0.9870307743549347
 5.1397953033     0.8236203789710999
 5.1432151794     0.4967090338468552
 5.1466350555     1.0483605563640594
 5.1500549316     0.9452407360076904
 5.1534748077     0.6085821241140366
 5.1568946838     1.3651297986507416
 5.1603145599     0.5209076553583145
 5.1637344360     1.1584283113479614
 5.1671543121     1.2477631866931915
 5.1705741882     1.1086328029632568
 5.1739940643     0.9709029495716095
 5.1774139404     0.6868187636137009
 5.1808338165     0.9862449467182159
 5.1842536926     1.1655801534652710
 5.1876735687     0.6915692389011383
 5.1910934448     0.8000629544258118
 5.1945133209     1.2495882213115692
 5.1979331970     0.8900541961193085
 5.2013530731     0.6957497596740723
 5.2047729492     0.5591489896178246
 5.2081928253     1.1027001440525055
 5.2116127014     0.5285094454884529
 5.2150325775     0.7023392319679260
 5.2184524536     0.8448618948459625
 5.2218723297     1.0330629348754883
 5.2252922058     1.4379397034645081
 5.2287120819     1.2681276202201843
 5.2321319580     0.5724004805088043
 5.2355518341     0.7095565348863602
 5.2389717102     1.2314399480819702
 5.2423915863     1.2092896699905396
 5.2458114624     1.4218968152999878
 5.2492313385     0.8945690095424652
 5.2526512146     1.2553853392601013
 5.2560710907     1.5063721537590027
 5.2594909668     1.4735976457595825
 5.2629108429     1.2837517857551575
 5.2663307190     1.4009683728218079
 5.2697505951     1.0229277908802032
 5.2731704712     1.3844817876815796
 5.2765903473     1.0137668550014496
 5.2800102234     0.5903115533292294
 5.2834300995     0.6342847496271133
 5.2868499756     1.2279996871948242
 5.2902698517     0.7071696519851685
 5.2936897278     1.2933579087257385
 5.2971096039     1.0708547830581665
 5.3005294800     0.8159931898117065
 5.3039493561     0.8933936655521393
 5.3073692322     0.9075934290885925
 5.3107891083     1.4774375557899475
 5.3142089844     0.8714825809001923
 5.3176288605     0.5850570201873779
 5.3210487366     0.6221703998744488
 5.3244686127     1.5293604731559753
 5.3278884888     1.2303665280342102
 5.3313083649     1.5495055317878723
 5.3347282410     1.0873696208000183
 5.3381481171     1.0312359035015106
 5.3415679932     1.4376914501190186
 5.3449878693     0.8204401433467865
 5.3484077454     1.1820651292800903
 5.3518276215     1.2150501608848572
 5.3552474976     0.8054375499486923
 5.3586673737     1.0985774099826813
 5.3620872498     1.2969053387641907
 5.3655071259     1.1687166690826416
 5.3689270020     1.0965765118598938
 5.3723468781     0.8892122805118561
 5.3757667542     0.6226474256254733
 5.3791866302     1.0298570394515991
 5.3826065063     1.5515580177307129
 5.3860263824     1.0377999544143677
 5.3894462585     1.2288426160812378
 5.3928661346     1.2095147371292114
 5.3962860107     0.7432280182838440
 5.3997058868     1.4845446944236755
 5.4031257629     0.8052984774112701
 5.4065456390     1.4959304332733154
 5.4099655151     0.9313794970512390
 5.4133853912     0.7975291609764099
 5.4168052673     1.3733462691307068
 5.4202251434     0.6730772275477648
 5.4236450195     1.3819309473037720
 5.4270648956     1.2221240401268005
 5.4304847717     1.3139852285385132
 5.4339046478     1.0467655956745148
 5.4373245239     0.9599124491214752
 5.4407444000     0.7184460125863552
 5.4441642761     1.5120712518692017
 5.4475841522     1.5911970138549805
 5.4510040283     1.4455028176307678
 5.4544239044     1.3924355506896973
 5.4578437805     0.9132709503173828
 5.4612636566     1.6722137928009033
 5.4646835327     1.4996086955070496
 5.4681034088     0.9567002654075623
 5.4715232849     0.8914999514818192
 5.4749431610     1.6598476767539978
 5.4783630371     1.0138450562953949
 5.4817829132     1.6540541648864746
 5.4852027893     1.4132342338562012
 5.4886226654     1.4087302684783936
 5.4920425415     1.0089145600795746
 5.4954624176     0.9097252935171127
 5.4988822937     0.7485142946243286
 5.5023021698     1.1327855587005615
 5.5057220459     0.8917760550975800
 5.5091419220     1.1225326061248779
 5.5125617981     1.3771622776985168
 5.5159816742     1.4140580892562866
 5.5194015503     1.6221836805343628
 5.5228214264     1.6738083958625793
 5.5262413025     1.6752968430519104
 5.5296611786     0.9616712778806686
 5.5330810547     1.3878421783447266
 5.5365009308     1.3400070667266846
 5.5399208069     0.9628187566995621
 5.5433406830     0.7922043651342392
 5.5467605591     1.5654948949813843
 5.5501804352     0.9898205399513245
 5.5536003113     0.9507789313793182
 5.5570201874     1.1281230151653290
 5.5604400635     0.8815570026636124
 5.5638599396     1.4913443326950073
 5.5672798157     1.5600607395172119
 5.5706996918     1.0154134929180145
 5.5741195679     1.2198535799980164
 5.5775394440     1.0483817160129547
 5.5809593201     1.6573067903518677
 5.5843791962     1.2362012863159180
 5.5877990723     1.6440754532814026
 5.5912189484     1.1589868068695068
 5.5946388245     0.8972335755825043
 5.5980587006     1.6979568004608154
 5.6014785767     1.7331073880195618
 5.6048984528     1.2536192536354065
 5.6083183289     1.0799174010753632
 5.6117382050     0.9569076895713806
 5.6151580811     1.2384399175643921
 5.6185779572     1.6026353836059570
 5.6219978333     1.6476792693138123
 5.6254177094     1.3737238049507141
 5.6288375854     1.1246477365493774
 5.6322574615     1.2770729362964630
 5.6356773376     1.7474458217620850
 5.6390972137     1.3141558170318604
 5.6425170898     1.6243720054626465
 5.6459369659     1.1718965172767639
 5.6493568420     1.2831222414970398
 5.6527767181     1.2685956060886383
 5.6561965942     1.5161616802215576
 5.6596164703     1.6964218020439148
 5.6630363464     1.4089449048042297
 5.6664562225     1.4491605758666992
 5.6698760986     0.9915951192378998
 5.6732959747     1.6053635478019714
 5.6767158508     1.0365901291370392
 5.6801357269     1.4519471526145935
 5.6835556030     1.2967342138290405
 5.6869754791     1.6190186738967896
 5.6903953552     1.6854705810546875
 5.6938152313     0.9275453612208366
 5.6972351074     1.1294653415679932
 5.7006549835     1.4873604178428650
 5.7040748596     1.3890509605407715
 5.7074947357     1.3135155141353607
 5.7109146118     1.0350966155529022
 5.7143344879     0.8435580199584365
 5.7177543640     0.9247946143150330
 5.7211742401     1.6122927665710449
 5.7245941162     1.6283029317855835
 5.7280139923     1.7261309623718262
 5.7314338684     1.7323932647705078
 5.7348537445     1.2506083548069000
 5.7382736206     1.7218533754348755
 5.7416934967     1.3816699981689453
 5.7451133728     1.0630106627941132
 5.7485332489     1.2192290723323822
 5.7519531250     1.6811570525169373
 5.7553730011     1.5371780991554260
 5.7587928772     1.1440756320953369
 5.7622127533     1.7985654473304749
 5.7656326294     1.2694046199321747
 5.7690525055     1.2274254560470581
 5.7724723816     1.4266930222511292
 5.7758922577     1.3352645635604858
 5.7793121338     1.5472344160079956
 5.7827320099     1.5950760245323181
 5.7861518860     1.4983702301979065
 5.7895717621     1.4555402398109436
 5.7929916382     1.5448219180107117
 5.7964115143     1.2928532660007477
 5.7998313904     1.0476599037647247
 5.8032512665     1.3466688096523285
 5.8066711426     1.3384210169315338
 5.8100910187     1.2378531694412231
 5.8135108948     1.2606736123561859
 5.8169307709     1.8610004186630249
 5.8203506470     1.7753120660781860
 5.8237705231     1.5539751052856445
 5.8271903992     0.9436919689178467
 5.8306102753     1.0241687893867493
 5.8340301514     1.2809538841247559
 5.8374500275     1.6233401894569397
 5.8408699036     1.5270358920097351
 5.8442897797     0.9103351589292288
 5.8477096558     1.7470448613166809
 5.8511295319     1.6668184995651245
 5.8545494080     1.6799017190933228
 5.8579692841     1.3528108000755310
 5.8613891602     0.9916599094867706
 5.8648090363     1.0379505604505539
 5.8682289124     1.2093894481658936
 5.8716487885     0.9269780525937676
 5.8750686646     1.3542664647102356
 5.8784885406     1.2170929014682770
 5.8819084167     1.4549438357353210
 5.8853282928     1.0209682136774063
 5.8887481689     1.3625729382038116
 5.8921680450     1.2679316103458405
 5.8955879211     1.6607090234756470
 5.8990077972     1.7629529237747192
 5.9024276733     1.0450206398963928
 5.9058475494     1.1283664405345917
 5.9092674255     1.2295358479022980
 5.9126873016     1.2173464894294739
 5.9161071777     1.7909282445907593
 5.9195270538     1.6471354365348816
 5.9229469299     1.6437363028526306
 5.9263668060     1.1098182797431946
 5.9297866821     1.4293598532676697
 5.9332065582     1.6241838335990906
 5.9366264343     1.1077236831188202
 5.9400463104     1.7223803997039795
 5.9434661865     1.0114618465304375
 5.9468860626     0.9871576614677906
 5.9503059387     1.0599059313535690
 5.9537258148     1.4838857650756836
 5.9571456909     1.7398794889450073
 5.9605655670     1.6726502180099487
 5.9639854431     1.8418015837669373
 5.9674053192     1.8784230947494507
 5.9708251953     1.1008236110210419
 5.9742450714     1.5986243486404419
 5.9776649475     1.4768283963203430
 5.9810848236     1.3396681249141693
 5.9845046997     1.0931005626916885
 5.9879245758     1.1861603707075119
 5.9913444519     0.9690706981346011
 5.9947643280     1.0676540508866310
 5.9981842041     1.5596354007720947
 6.0016040802     1.3079847991466522
 6.0050239563     1.7412620186805725
 6.0084438324     1.8655883669853210
 6.0118637085     1.1634576916694641
 6.0152835846     1.1033336669206619
 6.0187034607     1.8853755593299866
 6.0221233368     1.4053678810596466
 6.0255432129     1.0739432871341705
 6.0289630890     1.5433959364891052
 6.0323829651     1.7016246914863586
 6.0358028412     1.3230865299701691
 6.0392227173     1.2087752223014832
 6.0426425934     1.1405965834856033
 6.0460624695     1.4892191886901855
 6.0494823456     1.7962517738342285
 6.0529022217     1.0658320859074593
 6.0563220978     1.0215919278562069
 6.0597419739     1.0995224192738533
 6.0631618500     1.0293499752879143
 6.0665817261     1.4318860471248627
 6.0700016022     1.4969989061355591
 6.0734214783     1.3584018647670746
 6.0768413544     1.4911109209060669
 6.0802612305     1.3888415098190308
 6.0836811066     1.1986864656209946
 6.0871009827     1.2329554259777069
 6.0905208588     0.9909393843263388
 6.0939407349     1.7501044273376465
 6.0973606110     1.0743080228567123
 6.1007804871     1.9293937087059021
 6.1042003632     1.5498763918876648
 6.1076202393     1.2032638490200043
 6.1110401154     1.7552442550659180
 6.1144599915     1.8458896875381470
 6.1178798676     1.3932318687438965
 6.1212997437     1.7063566446304321
 6.1247196198     1.6671291589736938
 6.1281394958     1.7887336611747742
 6.1315593719     1.9874551296234131
 6.1349792480     1.2562027275562286
 6.1383991241     1.3180277049541473
 6.1418190002     1.5770019888877869
 6.1452388763     1.9859793186187744
 6.1486587524     1.7506162524223328
 6.1520786285     1.1196983754634857
 6.1554985046     1.2223926335573196
 6.1589183807     1.0749271586537361
 6.1623382568     1.0303600169718266
 6.1657581329     1.5469934344291687
 6.1691780090     1.3388903737068176
 6.1725978851     1.9362139701843262
 6.1760177612     1.8465388417243958
 6.1794376373     1.1995797902345657
 6.1828575134     1.4608128070831299
 6.1862773895     1.6254242062568665
 6.1896972656     1.3299308717250824
 6.1931171417     1.8794595003128052
 6.1965370178     1.0477440394461155
 6.1999568939     1.7443124651908875
 6.2033767700     1.7917575836181641
 6.2067966461     1.5737335681915283
 6.2102165222     1.4605642557144165
 6.2136363983     1.3461819887161255
 6.2170562744     1.2471424341201782
 6.2204761505     1.3164693713188171
 6.2238960266     1.1712927222251892
 6.2273159027     1.2854790091514587
 6.2307357788     1.6719604730606079
 6.2341556549     1.5807829499244690
 6.2375755310     1.9791757464408875
 6.2409954071     1.9891804456710815
 6.2444152832     1.6821237206459045
 6.2478351593     1.0672790929675102
 6.2512550354     1.7870777845382690
 6.2546749115     1.6380352377891541
 6.2580947876     1.2141910940408707
 6.2615146637     1.4124584197998047
 6.2649345398     1.1127235889434814
 6.2683544159     1.3190836608409882
 6.2717742920     1.7959262132644653
 6.2751941681     1.2958776354789734
 6.2786140442     1.8515271544456482
 6.2820339203     1.5699423551559448
 6.2854537964     1.7181408405303955
 6.2888736725     1.5002542734146118
 6.2922935486     1.5535365939140320
 6.2957134247     1.7665639519691467
 6.2991333008     1.5963298678398132
 6.3025531769     1.5793314576148987
 6.3059730530     1.9626115560531616
 6.3093929291     1.7563146352767944
 6.3128128052     1.6374661922454834
 6.3162326813     1.3137131035327911
 6.3196525574     1.6024378538131714
 6.3230724335     1.3699125647544861
 6.3264923096     1.4410234689712524
 6.3299121857     1.9013940095901489
 6.3333320618     1.8756862282752991
 6.3367519379     1.9267545938491821
 6.3401718140     1.6070147156715393
 6.3435916901     1.5613670349121094
 6.3470115662     1.7889347076416016
 6.3504314423     1.9546156525611877
 6.3538513184     1.3484657704830170
 6.3572711945     1.2641621530056000
 6.3606910706     1.7811822295188904
 6.3641109467     1.3547464907169342
 6.3675308228     1.9407691359519958
 6.3709506989     1.4671824276447296
 6.3743705750     1.1496164947748184
 6.3777904510     1.6757191419601440
 6.3812103271     1.4896929860115051
 6.3846302032     1.6952998042106628
 6.3880500793     1.9788216352462769
 6.3914699554     1.8586752414703369
 6.3948898315     1.8331726789474487
 6.3983097076     1.9175816774368286
 6.4017295837     1.1080609783530235
 6.4051494598     1.9771032929420471
 6.4085693359     1.3215998411178589
 6.4119892120     1.8782744407653809
 6.4154090881     1.0398143157362938
 6.4188289642     1.2184939235448837
 6.4222488403     1.3033097088336945
 6.4256687164     1.0482470020651817
 6.4290885925     1.0805358514189720
 6.4325084686     1.4146529734134674
 6.4359283447     1.8620485663414001
 6.4393482208     1.9317785501480103
 6.4427680969     1.2635147273540497
 6.4461879730     1.4544913768768311
 6.4496078491     1.5972952246665955
 6.4530277252     1.9486538767814636
 6.4564476013     1.0065978951752186
 6.4598674774     1.2035628855228424
 6.4632873535     1.6375337243080139
 6.4667072296     1.1367775648832321
 6.4701271057     0.9853423051536083
 6.4735469818     1.4560997188091278
 6.4769668579     1.3445566296577454
 6.4803867340     1.5618143677711487
 6.4838066101     1.8761063218116760
 6.4872264862     1.6811965107917786
 6.4906463623     1.3611794114112854
 6.4940662384     1.5415599942207336
 6.4974861145     1.9702457189559937
 6.5009059906     1.8900855183601379
 6.5043258667     1.8609283566474915
 6.5077457428     1.3475977778434753
 6.5111656189     1.8515788316726685
 6.5145854950     1.5550881624221802
 6.5180053711     1.2360578477382660
 6.5214252472     1.4575792849063873
 6.5248451233     1.2028851360082626
 6.5282649994     1.0934012457728386
 6.5316848755     0.9753956813365221
 6.5351047516     1.0545538514852524
 6.5385246277     0.9738329099491239
 6.5419445038     1.9150255322456360
 6.5453643799     1.1883519589900970
 6.5487842560     1.4447196722030640
 6.5522041321     1.6268898248672485
 6.5556240082     1.7673332095146179
 6.5590438843     1.2567311525344849
 6.5624637604     1.6749270558357239
 6.5658836365     1.6436416506767273
 6.5693035126     1.2446447610855103
 6.5727233887     1.5839889049530029
 6.5761432648     1.9231045842170715
 6.5795631409     1.7816691994667053
 6.5829830170     1.4955174326896667
 6.5864028931     1.1449518054723740
 6.5898227692     1.0119371265172958
 6.5932426453     1.8212667107582092
 6.5966625214     1.0672632157802582
 6.6000823975     1.2004480957984924
 6.6035022736     1.3405542373657227
 6.6069221497     1.1148526221513748
 6.6103420258     1.5170023441314697
 6.6137619019     1.4656005501747131
 6.6171817780     1.5666015148162842
 6.6206016541     1.8326234221458435
 6.6240215302     1.3604590296745300
 6.6274414062     1.4271043837070465
 6.6308612823     1.9106049537658691
 6.6342811584     0.9475713055580854
 6.6377010345     1.8583068251609802
 6.6411209106     1.0121536254882812
 6.6445407867     1.9184985756874084
 6.6479606628     1.1945777535438538
 6.6513805389     1.4378334283828735
 6.6548004150     1.7875908017158508
 6.6582202911     1.6040465235710144
 6.6616401672     0.9457039590924978
 6.6650600433     1.8214001655578613
 6.6684799194     1.8096724748611450
 6.6718997955     1.4792033433914185
 6.6753196716     1.7084106802940369
 6.6787395477     1.5993501543998718
 6.6821594238     1.4872384071350098
 6.6855792999     1.6085121631622314
 6.6889991760     1.0025382712483406
 6.6924190521     0.9454405196011066
 6.6958389282     1.2054138183593750
 6.6992588043     1.3192974030971527
 6.7026786804     1.0555295944213867
 6.7060985565     1.6995375752449036
 6.7095184326     1.1000182330608368
 6.7129383087     1.7113252282142639
 6.7163581848     1.6315669417381287
 6.7197780609     1.6577569246292114
 6.7231979370     1.4204235672950745
 6.7266178131     1.1605494916439056
 6.7300376892     1.3489335477352142
 6.7334575653     0.9178666900843382
 6.7368774414     1.4782134294509888
 6.7402973175     1.0741356909275055
 6.7437171936     1.4411103129386902
 6.7471370697     1.7820034027099609
 6.7505569458     1.6540769338607788
 6.7539768219     1.6358433365821838
 6.7573966980     1.1079364418983459
 6.7608165741     1.6437069773674011
 6.7642364502     1.4546093344688416
 6.7676563263     1.6534214019775391
 6.7710762024     1.1459082067012787
 6.7744960785     1.1082364320755005
 6.7779159546     1.2843191921710968
 6.7813358307     1.1070023477077484
 6.7847557068     1.4706563949584961
 6.7881755829     1.5366064906120300
 6.7915954590     1.6324614882469177
 6.7950153351     1.7576470971107483
 6.7984352112     1.1982619762420654
 6.8018550873     1.2165240943431854
 6.8052749634     1.3339385688304901
 6.8086948395     1.1257707476615906
 6.8121147156     1.2247457504272461
 6.8155345917     0.9029676914215088
 6.8189544678     0.8977392129600048
 6.8223743439     1.5429460406303406
 6.8257942200     1.8367702364921570
 6.8292140961     1.0242482721805573
 6.8326339722     1.2573338747024536
 6.8360538483     1.4985902309417725
 6.8394737244     1.6333629488945007
 6.8428936005     1.1713333427906036
 6.8463134766     0.9484931454062462
 6.8497333527     1.1134771108627319
 6.8531532288     1.4163929224014282
 6.8565731049     1.3049205541610718
 6.8599929810     1.7361795902252197
 6.8634128571     1.8295224905014038
 6.8668327332     0.8457009429112077
 6.8702526093     1.5294709801673889
 6.8736724854     0.9977983981370926
 6.8770923615     1.3066407144069672
 6.8805122375     1.5761381387710571
 6.8839321136     1.0977320373058319
 6.8873519897     1.0372737795114517
 6.8907718658     1.2008969783782959
 6.8941917419     1.4635780453681946
 6.8976116180     1.8130879402160645
 6.9010314941     0.9420982599258423
 6.9044513702     1.7930789589881897
 6.9078712463     1.3402377367019653
 6.9112911224     1.5547502636909485
 6.9147109985     1.0632794201374054
 6.9181308746     1.5045811533927917
 6.9215507507     1.2655208706855774
 6.9249706268     1.7266067266464233
 6.9283905029     1.3944393992424011
 6.9318103790     1.3925144076347351
 6.9352302551     0.9681397974491119
 6.9386501312     0.9266203045845032
 6.9420700073     1.1360725760459900
 6.9454898834     1.4503734707832336
 6.9489097595     1.3573775291442871
 6.9523296356     1.0835004448890686
 6.9557495117     0.9418247640132904
 6.9591693878     1.7363163828849792
 6.9625892639     1.7024616599082947
 6.9660091400     1.0054868906736374
 6.9694290161     1.2776163220405579
 6.9728488922     1.6197777986526489
 6.9762687683     0.9107687324285507
 6.9796886444     1.5887516736984253
 6.9831085205     1.1889424324035645
 6.9865283966     1.1193343698978424
 6.9899482727     1.6192330718040466
 6.9933681488     1.2131756246089935
 6.9967880249     0.8244468644261360
 7.0002079010     1.3387408852577209
