  1 1228.1752155672802473
  2 1041.9106429644721175
  3  105.0813002909034140
  4   45.9490654070403650
  5   30.5042272592964316
  6    7.1691232022085591
  7   32.0927590860796386
  8   21.4158916489894047
  9   17.6731240986487421
 10   17.5728121766600331
 11   14.9008629266346464
 12    6.3904725499930652
 13    4.1950407892746933
 14    6.7362683968479784
 15   18.6483451076429496
 16    7.6068476682226818
 17   25.1092696018646997
 18    2.2693662208178345
 19   14.1349376546467713
 20   16.8972150661988572
 21   10.2882062524852476
 22   14.3884080222036932
 23    6.3382574673791492
 24   12.9153934531006467
 25    6.3853386149742510
 26    7.4159038633940026
 27    6.8262860693611014
 28   15.7727576980927555
 29   19.1596252998634498
 30   10.0596060991584793
 31    6.0854968637377969
 32   10.8012683905918934
 33   15.6984307414627917
 34   14.2437764325019476
 35   21.3856729052908605
 36    4.3723644635666119
 37    4.3744086635758963
 38    9.1706985965872345
 39   10.0449839331582798
 40   15.2475253158955493
 41   10.8620220996629691
 42   14.9586671468625223
 43    6.3613345044286840
 44    6.3452303659608074
 45    4.9932172253875509
 46   15.2562591760597996
 47    5.7858738918675519
 48   12.5115610027918756
 49    5.6367531981884245
 50   23.7127606745580763
 51    6.9975213746884251
 52   15.4882905126966168
 53   17.3381862670251863
 54   14.0952724838866565
 55   14.5112992260081750
 56   17.4008020100902101
 57   15.3905778521767900
 58   16.0066134125230342
 59   15.7141558070641185
 60    9.6437396683531826
 61   13.9670930658686068
 62   10.1163726439637891
 63    5.7805287881177847
 64    4.0318610671966679
 65   10.2995414447239710
 66    3.6897499580777868
 67    7.0329105556727383
 68    4.0210122552350871
 69   11.5585249797323026
 70   11.7201618606866109
 71    7.3307076121113326
 72   17.0778718500562512
 73    6.6607678560776638
 74    5.7501699325926250
 75   29.3344601934500773
 76   19.2716635688782425
 77   20.6264420430267172
 78    4.1521196476452982
 79   10.3125523585928303
 80   22.1300484867373761
 81   18.2917085551290306
 82    7.2470349465949573
 83   13.5918452023282583
 84   11.7056406349414424
 85   10.0937734647485957
 86   18.9540414562558617
 87   14.5978820969067264
 88    4.3488704699438916
 89   18.7943626470644105
 90   11.0915952346913969
 91   12.3973271176397244
 92   10.3603500274446905
 93    4.2206981904831995
 94   17.0273899927034158
 95    9.7750953019515539
 96   23.9620780450302036
 97   17.1183208011751979
 98    7.6527989230457862
 99   13.8254941812870449
100    7.6655015102890349
101   15.1898823372813840
102   21.2190668979677923
103    7.5069580686659094
104    9.6133893986947943
105    1.9650379928713946
106   29.1245346915981678
107    5.4136714879606700
108   14.8976382080138858
109   10.4412911819766254
110    8.2594830257629415
111   22.6458616334461809
112    9.2673262246300947
113    7.7270897802380807
114   19.8342140620716592
115    6.8379078123075656
116   17.6536540994036670
117   13.0191913398825125
118   17.8484787997188654
119    4.1265039477532639
120   12.4563429349791122
121   13.0851307516508335
122   20.5050021223337424
123   14.4944493047661460
124    8.5556962893887825
125    3.3126243156338662
126   37.4357979689897817
127    4.6443979082674209
128   28.7577469971059543
129   13.9102003458228900
130   16.0772063983867568
131   17.1719922164145267
132   17.2196064719836244
133   16.5561850610733572
134   13.7494108360406919
135    3.7613529066216898
136   19.5311197270283010
137    6.1310341997703368
138    6.8785323553579305
139   17.1969231421910251
140   10.3006288741610561
141    4.2721159000102888
142    6.0718961871140298
143   25.1555042289941078
144   11.7173351726683759
145    3.4660565276877109
146   15.2313724011961149
147    6.3494406426545744
148   20.1933667787510380
149   16.2479358882443421
150   15.7170715487667199
151   14.8209889744279337
152   18.4981425497445322
153   17.4199097972827062
154   10.0077740393221024
155   13.4955114574873907
156    8.7084984213991845
157   14.4395068217375240
158   11.0603284809848770
159   23.5635775027028700
160    8.9671825130082059
161    8.1634958767306092
162   11.2381615240762933
163   12.9571709859289630
164   14.7816539782959797
165    4.7045111608822214
166    4.8097762866855049
167   15.7936959368588390
168    3.9250078017268399
169    2.5968701460731496
170   11.5053797534884907
171   14.2325378745408173
172    9.3081293109826095
173    6.3905247044040241
174   11.3297954726814165
175    8.3513184749966172
176    6.6322180846429619
177   17.1329839294236272
178   14.6283604002749748
179   14.3601419464375351
180    5.1560204789288413
181   14.5989671707923172
182    9.3901065336007310
183   10.3748165036777475
184    3.3848927464226328
185    9.5139510897470281
186   17.1511734744835529
187   10.2049267992754302
188   18.2429601662528746
189    6.4079220427042065
190   35.0659434489112556
191    8.3067522985266002
192    5.9120909132563924
193   15.2232407182007101
194   15.2213895110059081
195    7.5907808194011155
196   20.3791481783790616
197    6.9806727363081764
198   19.4641578331074498
199    8.2761008719905576
200    6.1698693133510885
201    8.5247045898453351
202   16.4426672210711402
203   19.0026933817158401
204   11.3428824870672305
205    3.8808108337252296
206   13.4979516420103884
207   21.6133013760712522
208   15.3491745903114722
209    3.9833865794244550
210   11.3359984754178686
211    5.8303455052881032
212    9.9833380695096565
213    9.4794469919816393
214   13.5857478683504951
215    8.7180877643161736
216   18.4151389245361514
217   13.9062657161664163
218   11.7133549430156272
219   11.1240235217487928
220    6.4966131608630082
221    7.1507477333575178
222   12.9307478110679437
223    7.2495533448858849
224   15.9814411588834577
225   16.4782048141420638
226   12.6411722440668122
227    6.8683166704581344
228   11.4885893738577654
229   15.1947463807758449
230   19.1194239741508873
231    3.0666379128286900
232    5.9459762928137758
233   10.0503795350650744
234   23.8635232796728438
235   25.4132124246820297
236    7.9831022673924199
237   14.1183859632095210
238    1.8149432005620481
239   19.8338543376675958
240   10.1764976092226629
241    3.6166497789039238
242   11.4609335849182532
243   10.5774236227854903
244   13.6005719161148306
245    4.7525894312943295
246   10.4608452830400847
247   15.0066684681548583
248    4.1969433667065985
249   14.2553987237073176
250    9.7896641303279939
251   18.9108822683750084
252    6.7759708630499533
253    2.1506714190665508
254    0.7266343092070348
255    7.4702665448462886
256   14.5750928755857707
257    2.2644253410941708
258    8.7916960282908683
259   22.2925989361337109
260   19.8669144074868420
261   13.2801924968003799
262   10.0325115227866899
263   11.9060873963679157
264    3.3308059033384358
265   11.7241455222490440
266   13.9447216357704029
267    8.0438445607948985
268   19.6285439675723836
269    6.4738930742669414
270   10.8222501395546544
271    9.5766408348068541
272   32.8018036154012407
273    8.4956584225403020
274   12.5431143762380035
275   14.3984967942715070
276    7.1809965568994585
277   13.5393109755411913
278   13.5485163637697017
279   10.9485749214971815
280   12.1144880572394396
281    6.1610439669191077
282   12.8203915852220636
283    3.0932146546526207
284    4.9903560870238950
285    3.8142716354718780
286    4.0210221195729705
287   12.7160274556778301
288    9.7118039978890689
289    7.2332774352926892
290   21.9873416643279143
291   18.4601486119446108
292    9.9495916814100696
293    6.1215011576127729
294    7.2796532004136312
295   23.2538733808500240
296   10.3234112523321802
297    1.1231190320830464
298   17.3081463850018054
299   11.7731762332428556
300   11.8914608763495941
301   12.9254050649623071
302    6.3428522563800227
303   15.6466092733792284
304    8.8419439327490412
305   22.5558863204483195
306   12.2980120333341301
307   14.7333409823019341
308   11.2477968318649122
309    9.6137967208918642
310    2.8208962303508600
311    7.3768572714269451
312    9.0756838238609205
313    6.7190162134948563
314   18.9780689869537440
315   22.3637333107419849
316   16.5123356982481191
317   13.9691734822432228
318    6.3456925437127278
319   18.4086668355096599
320   14.1359924936679704
321   11.3923703048243468
322   10.7646150735877839
323    0.5635422912350343
324   16.3050811252895187
325   19.5982243115726043
326   15.5184494619270996
327    7.9071500044044818
328   20.8542922928513264
329   11.3354721143051744
330   17.1735917223854067
331    3.3346658510931753
332   11.3562050053491799
333   14.9386470140511829
334    6.7542650795145880
335   11.2826879177357373
336   19.6448436140080815
337    7.4731079276929808
338    4.3958648272751990
339    6.0796671241593083
340   11.4594461194227240
341   24.2691993250898896
342   18.8990607822936028
343    5.4747722833737482
344    2.1587977141198076
345    6.7453650221238792
346    6.3078410184563207
347    9.9173901631142609
348    9.2219324022846259
349    5.9549009410880744
350    8.1441684720643668
351    2.7113492499299028
352    7.4811300194487078
353   20.7884004259756345
354   14.8162650606623156
355   13.1887563874230977
356   13.0314500763126375
357   24.4168461340280025
358   20.1566556101438756
359   11.7140988522654084
360   27.9371656904102146
361   20.2191802930496429
362    6.6012836059824656
363   12.7533617491836289
364   11.3755876268981577
365    5.4314052806981534
366    3.9680697983813533
367    7.4773068071089206
368    3.6560568152547606
369   13.3709836538575324
370   23.7305212562250034
371    8.9352859305449552
372   13.3611768647983524
373    7.6683530585582789
374    1.3975351322142977
375   16.6923018988777478
376    6.7865015059513185
377    2.9387321181620667
378    4.8028146680930721
379    5.8471967708515908
380   11.8866058876477165
381    3.1304780533020078
382   16.3976381913377303
383    5.2950029331573001
384   14.0979787708204345
385    7.8399779691055649
386   22.4025016790935219
387   11.4154469708976460
388    9.5527065407478062
389   18.2039913483068005
390    9.0346962424517550
391   12.6163956281437724
392   16.9689067835405112
393   10.1422681772584742
394   11.4903216379801538
395    1.0802229011646618
396   12.2680936988835807
397   16.3165247714545352
398   29.0722066421299168
399   13.8818957661936295
400   13.7683323306123810
401    7.6245303501476140
402   24.8163846151073351
403    3.7880344225073377
404    3.3732955266267242
405    2.3176065029644284
406   11.6030289550674208
407    7.1811080194286401
408   17.9599792839073054
409   18.0333963983221608
410   17.8476327650618956
411    7.4653535306737995
412   11.7673900943939742
413   14.9317078394439893
414   12.6307055071126904
415   15.4480751779664551
416    2.1304752782311676
417   18.6354967794244146
418   16.2220722864931055
419   14.9180235496106821
420   13.7944567635946811
421    5.8571913423982620
422    5.5327796162921672
423    9.0142565881342165
424   12.5028790787056181
425   17.8444469204307481
426   15.1058223809239696
427   16.7362874955276268
428    9.4813438879458012
429    4.6534535002012145
430   20.4680465317754638
431   19.1546090881806883
432   14.9870062230928713
433    8.3352048973802013
434   14.3505752717779949
435   13.0181511381816186
436   14.5951466375659198
437    7.6595899058311048
438    6.7202033237793506
439    9.1739366184948530
440   16.6570883113585602
441    4.5399816435192326
442   16.3344824172845264
443    4.3260341079998650
444   13.8126348126655447
445    7.1587667259858065
446    5.1346308586733596
447   12.6855569307293159
448    7.3499857348055793
449   13.6829315483865201
450   24.9435228987323541
451    1.7856701590607778
452   17.5627405510102008
453   29.5659805446903015
454    2.8838958525175440
455   10.1638293082133124
456    3.2603879813638215
457   23.7605984118384583
458    8.1837854368688543
459    5.1363741887693637
460   20.2660448475943866
461    3.3420636973383497
462   11.4325110626782944
463    9.1948818063057516
464   18.9828634496760813
465   17.9193572286323786
466   14.9295277617629587
467   12.0151187116744254
468   12.3448517699943157
469    8.2752986892175748
470   13.9431836520004850
471   12.4389938167627694
472    8.6471744195945988
473    3.8777511927816315
474    8.7283803269852243
475   19.1178398702392514
476   13.5261660856838084
477    7.6208655258760576
478    5.0592494655301605
479   13.1607132230555983
480    9.7306584433341463
481   12.4388377247802140
482   20.3014771389842892
483   12.0328450327082503
484   15.6096213193251820
485    3.5170447267273373
486    8.4174922844826838
487   15.1363556377310378
488    9.8827421073392383
489    4.6509204623510438
490    7.1693263563305107
491    5.9732798937513838
492   26.6287662770581122
493    9.8560442181555352
494   16.9327481911303224
495   10.8102102151008896
496   17.0433690964508280
497   16.7001815743832154
498   13.2869155851271241
499   15.4402617195748881
500    7.6623239560887866
501   16.3927142965020813
502   16.5565337098198420
503    9.6812497367181898
504   15.1621783302763102
505   16.0278663998865198
506    9.4296325642977923
507   12.3436370968989610
508    3.2669122282448790
509   21.2125018146774558
510   24.5814200094091682
511   11.6843501126158174
512   14.8718415200425831
513   17.8275822915805051
514   16.0353429179494036
515   19.1801316211827242
516    3.0204793797637173
517    3.5401372185547366
518   15.9343090553110365
519    3.1748421654491707
520    4.4895544646428753
521    6.2367010634013775
522   11.1104579862092319
523    5.9691434361797882
524   14.0455159353127517
525    1.4748225024082524
526   11.9068961043254209
527   10.5097177942793252
528   10.0685151927683165
529   10.0711379166910167
530    9.4814701967180923
531   12.7921108626787454
532   11.4615219816793843
533   14.9127676998895033
534   19.4001524483498820
535   21.8967688166976657
536   14.3660915046683062
537    9.9515905144143701
538   17.2818569010748035
539   10.3460392709778795
540   11.1833935464841705
541   15.2248237366985997
542   25.5307130330358376
543    9.8486255489779637
544    8.5061209471917962
545    7.2222460358225531
546   15.2643577032490789
547   13.3085702010506068
548   15.0409830378884184
549   21.6347822125384539
550   20.0908367243676018
551    6.0235216161862759
552   14.6594605976869321
553    2.4642714898171207
554   16.7525584286264646
555   20.5784140127412556
556    8.5908520149393031
557    6.3185333190684609
558   16.8757730653971336
559   13.9601255093817986
560    8.9162358062065135
561    5.8817729342007512
562    7.4795141167864356
563    1.9407228299947603
564    8.4597415677034906
565   11.4261334856913130
566    2.8302316297339578
567    8.5538910102525580
568    7.5326575116202301
569    5.9945518940109599
570   19.6345218454832811
571   13.6002272700759583
572    9.9514732641500370
573    6.3425532501395239
574   15.8278312551600013
575   21.1097864892513236
576    8.3841153001737698
577   12.8252470487101977
578    7.6232085014748119
579    6.5216805577415737
580    5.6592443345950088
581   12.6995296621422664
582   17.1719402996979476
583   17.8199174526165791
584    7.7482740976983973
585   14.0363585000093618
586    3.7429670040170335
587    6.2931570752172910
588    8.3295089561340845
589   14.3450064981117862
590   14.8603254835428338
591    6.7153225929197475
592    8.0652233428113043
593   11.5792802495052900
594    7.7992715709393590
595    5.4484049118681499
596   12.6164080210524627
597   11.6977175704155307
598   14.7105421178167379
599    8.5132871638601380
600   11.7577152220399128
601    6.0657531852041586
602    4.9783774125664637
603   14.9497461343832079
604    7.3850717708981355
605   11.8547723866052017
606   10.0801477646382782
607    6.1438487834794193
608   13.1550439800128594
609   14.2259805758500821
610    3.6425169650926965
611    6.3655693803973818
612    9.8810398614672952
613   17.2458741181913737
614   16.3079434190678150
615   14.5467236717120834
616   19.2509497942121044
617    1.0906367978461611
618   10.9904793055032499
619    3.0185947833727811
620   32.4809462215041975
621    3.9385498071208929
622    3.6758983094192961
623    5.1011766466473025
624   19.0787121964095157
625   12.9801455693956722
626    9.4571129836819967
627   15.8112248439332159
628   10.0480247237123645
629    7.7134352249069904
630    9.3722728059866398
631   14.3557375085587982
632    5.9845895668181157
633    5.3879077711728165
634   26.7015904961354487
635   15.9412389968359189
636   18.5637366470618161
637    7.5606630564508235
638   14.5388826867886340
639    3.0975005561168127
640    7.3141188879788750
641   16.0123033913118995
642   16.8808885907901036
643    3.5872660005263226
644    8.4661687838884436
645    9.2838426731979222
646   13.4234777338172453
647    9.7766664013300897
648    5.7295662066667372
649   17.3574649480993983
650    6.1751432160132440
651   14.0995514368525576
652    3.1107770913892838
653    5.7319631128729318
654    9.5493521756855770
655    9.0047156476995820
656   22.3048091532082040
657    5.7409638588336955
658   13.6445451339864192
659    2.5819891048294576
660   12.9128504863920792
661   16.1710396200368578
662   17.9110626499362375
663   14.0049133827647285
664    4.1999893644499977
665    5.0143179984969901
666    6.0224233909653915
667    5.0951790764233884
668   19.1440894835044766
669    7.0717292285320781
670   16.3529233022585814
671    5.5387763617544854
672   13.6886159445753233
673    8.7269476494840355
674   18.5312847306762052
675    2.2934244143459672
676    5.4170219925864265
677    8.7325752098902267
678    9.5741474597337515
679   17.1283827946979983
680    7.5272309268230568
681   13.3566847170292267
682   22.3500363990495892
683   12.3232051829315044
684    6.9287304229331772
685   17.7883630546512208
686   15.9810625286392529
687   18.3303437076073976
688    5.4896945166779441
689    9.2670161040291390
690    4.1604276255664416
691   10.7210929891283619
692    7.8939203622066465
693   11.5610407983741776
694    1.9862401246283732
695   19.6288309594699584
696    0.0897407588396338
697   17.4500441431612643
698   25.7101410730330819
699   14.2666876263525122
700    6.4953476200942744
701    7.2139660001313768
702   14.2255070564302493
703    2.9632994889821931
704    4.9651789373355673
705   15.9315143767097993
706   19.5147624847526124
707    6.7788812717826392
708    2.5363948165477948
709    6.8845304732425356
710    6.3603559504292209
711    9.1989066183940853
712   14.1946454970476346
713    9.0555710582093152
714    9.7340144534503565
715    7.8086285538731515
716    9.4728471252679949
717   15.6712767931580252
718    8.0114289423260807
719   30.3643542871616603
720    3.8486670196293238
721   11.4246827781604718
722   13.9869143204642441
723    7.9079248356126506
724   19.7018744501554544
725   10.4406047984661807
726   14.1019267140719862
727    3.5057683557058175
728    6.0783620110456962
729   16.6621538906756008
730    8.9882390866375026
731   16.4369130401005279
732   15.0113079305932953
733   13.0121512824616925
734   10.9542521284521648
735    6.4477699527602477
736   18.5160734875158468
737    4.9443513555431204
738    3.2985984031175297
739   18.2287354102077543
740   17.5586426859212175
741    2.0918266458323065
742    7.7331591725893869
743   13.4185919601951387
744   10.8881222792110322
745   24.0276882951036868
746    5.6730854478550734
747   10.8131244176375922
748   16.4643014808972019
749   10.0599979769531913
750    6.3453921002997795
751   12.5426461679430155
752    2.3747539110166751
753   18.8339389614411381
754   15.4854069691534715
755   22.5024628155906008
756   10.5258498340032940
757    6.7375655488358328
758   30.0185351175713251
759   11.0634101223012529
760    4.9933857351052966
761    8.3410333947872193
762    5.8587904176645278
763   15.6044704046935863
764    9.7984071669207680
765    6.6847134022177315
766    8.1795215228363300
767   15.3684406693864499
768   12.1899624959710700
769   17.1545154036954202
770    1.9797225283175250
771    5.0297301490892989
772    6.6232478931478145
773    3.6309999759800413
774    3.2190995776599274
775   17.2957689520058082
776    5.1712018551375625
777    8.7565122442891603
778   14.6376166635547520
779   19.2311428930033763
780    4.2584991430239079
781    8.4275079326932083
782   22.2321358195517931
783   15.2139560609835325
784   10.3156185385385211
785    9.7255069138189025
786   10.2067309713219263
787   11.1317860781638043
788   14.0225108176038180
789   13.9656830950329169
790    5.4618345011865657
791    2.9560070243266141
792    4.5638640936404364
793   10.5893323953826055
794   19.2638540147105921
795    7.5781227763856398
796   16.8086371372345766
797   16.5386304391381884
798   10.6026401064894316
799    6.8517549090014596
800   10.6533523004222204
801   16.7967153617158971
802   11.4918597278622112
803   17.8854979185329341
804    9.3736426499970236
805   12.5933196797068305
806   10.6121301411993763
807    7.5491865515824852
808    6.9718880308197493
809    8.3171484464844241
810   21.0875603578766331
811    2.0130359885780558
812   10.2675402365580020
813   13.4228821643441520
814    7.8696707845160043
815   16.8532251125748758
816    5.1864456859660910
817    6.7333112934147756
818    8.5642522933734941
819    3.2741732146123796
820   12.2429739283226091
821    2.6333251717436235
822    5.2221358765527750
823    3.3884162401583326
824    9.4142328510771520
825    6.1261617907886565
826   13.3895141032768397
827   11.1968313168078524
828    2.8747057546435522
829    0.4411388795461976
830    7.8072594806432623
831   24.7626555263758590
832    5.9467179607358682
833   12.4887935403109491
834   14.1122633573819574
835   17.8341965168806809
836   12.4658467504982031
837    1.9548264187022275
838   21.6473420991149439
839   14.3251428959814078
840    4.2194100132526291
841   17.4442724808876584
842   22.5927415868204626
843   21.0532428766259088
844    3.0355798811108614
845   15.3490302218244192
846    3.0907955678024397
847   17.3582296793242605
848    9.5554369625581970
849    4.9479046516554952
850   19.8099826447697467
851    7.7247306387129546
852   18.4444863282309299
853   10.6656148705356966
854   14.4745665186321286
855   12.2782021076945007
856    5.0119137687301762
857    0.8492465821648555
858    8.9642658367077583
859   11.1912936429393817
860   29.6682494579581046
861   19.7686639868402843
862   19.1356073976754502
863    5.8631262667131354
864   14.7868512994772061
865    8.5494701141880203
866    6.9258679853522951
867   24.0475605668975163
868   10.8070126846553674
869   13.1674352686159839
870   23.1066044235728647
871   11.6418783199684555
872   15.6882929625145398
873    3.8323597220494565
874    4.6692383448096457
875    7.9688669400166265
876   13.0128554852120502
877    8.8737130695752171
878   12.3386413121037393
879   12.1146755007702271
880    8.4759694503284297
881   20.2301878312842902
882   17.0533842525838608
883   23.5323559662915187
884    3.1849892223775731
885   17.3769869130111339
886    8.9684237625061325
887    6.7304533683426255
888   15.2891153090919918
889    7.9308314485086475
890   20.4422453459013873
891    9.3747867574698578
892   13.7963218934187832
893   10.8063249931369203
894    8.6731877551723819
895    4.0126807507887357
896   22.7267792609971337
897    7.9916881009043976
898   16.1613472567171037
899    4.8648575891883423
900    6.4028681026799186
901   11.1736920815106995
902    6.6395804598762656
903    2.4394121657889603
904   17.3445853315883163
905   19.6462567563376034
906    4.1099563581108756
907   12.4233547052988413
908   15.8345842412580531
909    7.0554057748149912
910   19.4272794647767348
911    8.4697909920469829
912    3.6272435420487881
913   12.2035617463350388
914   15.4486655480541817
915   17.3012821067856599
916   19.0046235395129273
917   15.3677406362956486
918   15.6681828843802151
919   14.0958297178575069
920    5.1307978801040717
921    4.5016694996243967
922    4.2416552212772913
923   11.9886755262146139
924    3.2371787120698872
925   10.6441096685882322
926    7.3399028882969697
927   21.2267071473280424
928    8.7350833606943183
929   24.7668803586028972
930   14.1621267058091327
931    7.8183770566316895
932    8.4827952953848929
933    8.8656942874088429
934   16.5577035034999263
935    9.2508246416609285
936   12.9621912692217460
937    7.2907858785908592
938   12.8313176553546100
939   17.1692665347105375
940   13.3357387064837543
941   17.8010509958282128
942    8.2750906256573522
943    7.5356427901614724
944   10.7383160342192561
945    3.9501082193313004
946   14.0569889744146419
947    6.3153612831469630
948    7.3579430019564596
949    2.6737205332178879
950   14.7446762745962410
951   20.9659926919765951
952   11.1403630747358342
953    2.7739921996347729
954    7.5763026997665195
955    6.8544372783846477
956    3.3109149999359975
957    8.4274205488452800
958   11.7013061221905197
959   12.7421538910597736
960    6.1534343310565687
961   12.1504969812687058
962   16.8525585233865485
963   13.2713078197583343
964   11.4615976311721433
965    7.3826003634777271
966   21.1669802360576149
967    5.1807105970185461
968   16.4548335399297265
969    6.8073072175158789
970    2.5487519971759811
971    9.0721679739678933
972    9.1160693812610969
973    6.1125679388629219
974    5.0467031938025784
975   20.3516017165424792
976   22.9707289907248722
977    2.3106267142114643
978   11.1758455016802678
979    9.9550732816923748
980   18.3798033653952402
981    3.1673964667866286
982   22.1065968600677252
983    6.7144215098888616
984   11.9554916120377719
985   12.7969384750951853
986    4.4242587305744188
987   17.3272606164050451
988   12.9298564980490536
989   14.9370896647433966
990    2.1179518427676181
991   10.3624958300997214
992   11.6542250966020156
993   19.4637252146982860
994   21.6630812503330752
995    4.7695758801717698
996   10.8658471727404446
997   20.9697703977591949
998   21.5162102690149979
999   17.2505185135922865
***   26.3793426908880164
***   21.1050153105694207
***    9.9328324036622266
***    8.0100004123763835
***    3.1505223586311311
***   14.1565961071041357
***   14.2944817985866273
***   17.0536773666295218
***   11.9693310811390425
***   12.4326415002928066
***    7.0231464469558489
***    4.5702554881247615
***   12.2340603001582036
***    3.9380699222183631
***   14.8824792038098472
***   13.9774883669756154
***   24.8505271743427691
***   13.2272531535415396
***   10.8515727105490374
***    7.0311696022761696
***   10.7170115415505744
***    6.1368954076617319
***    8.8628587971039732
***   12.2926330904656176
***   22.0615351055258024
***    4.8005299551368807
