 0.0000000000  0.0000000000000000
 0.0009775171  2.2504544258117676
 0.0019550342 -0.8898589015007019
 0.0029325513  1.2934409379959106
 0.0039100684  2.1031079292297363
 0.0048875855 -1.8686234951019287
 0.0058651026  0.1340481042861938
 0.0068426197  0.3107345104217529
 0.0078201368 -2.9732189178466797
 0.0087976540  0.2688350677490234
 0.0097751711  0.8082536458969116
 0.0107526882 -1.5373766422271729
 0.0117302053  2.1167778968811035
 0.0127077224  1.6369130611419678
 0.0136852395 -1.2023983001708984
 0.0146627566  1.6850423812866211
 0.0156402737 -0.0674493312835693
 0.0166177899 -2.6795971393585205
 0.0175953060  0.6792968511581421
 0.0185728222 -0.7874221205711365
 0.0195503384 -1.9495806694030762
 0.0205278546  2.1598701477050781
 0.0215053707  0.4748156070709229
 0.0224828869 -0.4664731025695801
 0.0234604031  2.7640731334686279
 0.0244379193 -0.3111384212970734
 0.0254154354 -1.4798825979232788
 0.0263929516  1.2261842489242554
 0.0273704678 -1.9565007686614990
 0.0283479840 -1.8050653934478760
 0.0293255001  1.5811200141906738
 0.0303030163 -1.0470306873321533
 0.0312805325  0.0808839797973633
 0.0322580487  2.9246377944946289
 0.0332355648 -0.5837390422821045
 0.0342130810  0.1564484387636185
 0.0351905972  1.7074017524719238
 0.0361681134 -2.3506107330322266
 0.0371456295 -0.9631171226501465
 0.0381231457  0.7431264519691467
 0.0391006619 -2.3721451759338379
 0.0400781780  0.3912616074085236
 0.0410556942  2.0780134201049805
 0.0420332104 -0.9848431348800659
 0.0430107266  1.6116888523101807
 0.0439882427  1.8107404708862305
 0.0449657589 -1.9728219509124756
 0.0459432751  0.4065457582473755
 0.0469207913  0.0038252472877502
 0.0478983074 -2.9606568813323975
 0.0488758236  0.5919910073280334
 0.0498533398  0.5418941974639893
 0.0508308560 -1.4359875917434692
 0.0518083721  2.3899645805358887
 0.0527858883  1.2960112094879150
 0.0537634045 -1.1232650279998779
 0.0547409207  1.8461457490921021
 0.0557184368 -0.4545049667358398
 0.0566959530 -2.5391678810119629
 0.0576734692  0.8449940681457520
 0.0586509854 -1.0978313684463501
 0.0596285015 -1.6894445419311523
 0.0606060177  2.3152194023132324
 0.0615835339  0.1702735424041748
 0.0625610501 -0.2129033207893372
 0.0635385662  2.7893176078796387
 0.0645160824 -0.6710442304611206
 0.0654935986 -1.2381498813629150
 0.0664711148  1.1930344104766846
 0.0674486309 -2.2452824115753174
 0.0684261471 -1.4635729789733887
 0.0694036633  1.5671112537384033
 0.0703811795 -1.2497479915618896
 0.0713586956  0.4476147294044495
 0.0723362118  2.8166022300720215
 0.0733137280 -0.8152241110801697
 0.0742912441  0.4550830125808716
 0.0752687603  1.4926512241363525
 0.0762462765 -2.5468900203704834
 0.0772237927 -0.6308521032333374
 0.0782013088  0.5495106577873230
 0.0791788250 -2.4383721351623535
 0.0801563412  0.7722508311271667
 0.0811338574  1.8610107898712158
 0.0821113735 -1.0248746871948242
 0.0830888897  1.9080514907836914
 0.0840664059  1.4811248779296875
 0.0850439221 -2.0182704925537109
 0.0860214382  0.6519074440002441
 0.0869989544 -0.3284777402877808
 0.0879764706 -2.8870429992675781
 0.0889539868  0.8800891637802124
 0.0899315029  0.2570838928222656
 0.0909090191 -1.2787795066833496
 0.0918865353  2.6172342300415039
 0.0928640515  0.9435291290283203
 0.0938415676 -0.9920593500137329
 0.0948190838  1.9572241306304932
 0.0957966000 -0.8399717807769775
 0.0967741162 -2.3475799560546875
 0.0977516323  0.9588851928710938
 0.0987291485 -1.3961861133575439
 0.0997066647 -1.3857709169387817
 0.1006841809  2.4123864173889160
 0.1016616970 -0.1165798306465149
 0.1026392132  0.0739808678627014
 0.1036167294  2.7538540363311768
 0.1045942456 -1.0030752420425415
 0.1055717617 -0.9681847095489502
 0.1065492779  1.1031167507171631
 0.1075267941 -2.4949264526367188
 0.1085043103 -1.1015360355377197
 0.1094818264  1.4970014095306396
 0.1104593426 -1.4092082977294922
 0.1114368588  0.8215514421463013
 0.1124143749  2.6524701118469238
 0.1133918911 -0.9990911483764648
 0.1143694073  0.7519749999046326
 0.1153469235  1.2293593883514404
 0.1163244396 -2.6871945858001709
 0.1173019558 -0.3066941499710083
 0.1182794720  0.3151847124099731
 0.1192569882 -2.4460878372192383
 0.1202345043  1.1331584453582764
 0.1212120205  1.6068478822708130
 0.1221895367 -1.0084364414215088
 0.1231670529  2.1734437942504883
 0.1241445690  1.1228195428848267
 0.1251220852 -2.0049664974212646
 0.1260996014  0.8618525862693787
 0.1270771176 -0.6767894029617310
 0.1280546337 -2.7541952133178711
 0.1290321499  1.1257302761077881
 0.1300096661 -0.0364970862865448
 0.1309871823 -1.0692512989044189
 0.1319646984  2.7924289703369141
 0.1329422146  0.5896101593971252
 0.1339197308 -0.8135982751846313
 0.1348972470  2.0136892795562744
 0.1358747631 -1.2136675119400024
 0.1368522793 -2.1111199855804443
 0.1378297955  1.0177797079086304
 0.1388073117 -1.6727737188339233
 0.1397848278 -1.0461801290512085
 0.1407623440  2.4497232437133789
 0.1417398602 -0.3765776753425598
 0.1427173764  0.3856446146965027
 0.1436948925  2.6578879356384277
 0.1446724087 -1.2987353801727295
 0.1456499249 -0.6791967153549194
 0.1466274410  0.9583180546760559
 0.1476049572 -2.6980915069580078
 0.1485824734 -0.7288828492164612
 0.1495599896  1.3740966320037842
 0.1505375057 -1.5194358825683594
 0.1515150219  1.1924897432327271
 0.1524925381  2.4371807575225830
 0.1534700543 -1.1305789947509766
 0.1544475704  1.0371754169464111
 0.1554250866  0.9239752888679504
 0.1564026028 -2.7682948112487793
 0.1573801190 -0.0002942085266113
 0.1583576351  0.0477358102798462
 0.1593351513 -2.3938779830932617
 0.1603126675  1.4645867347717285
 0.1612901837  1.3240265846252441
 0.1622676998 -0.9357163906097412
 0.1632452160  2.3994474411010742
 0.1642227322  0.7452443838119507
 0.1652002484 -1.9346592426300049
 0.1661777645  1.0291380882263184
 0.1671552807 -1.0313260555267334
 0.1681327969 -2.5656194686889648
 0.1691103131  1.3227300643920898
 0.1700878292 -0.3287777304649353
 0.1710653454 -0.8124936223030090
 0.1720428616  2.9108824729919434
 0.1730203778  0.2443665266036987
 0.1739978939 -0.5941430926322937
 0.1749754101  2.0125288963317871
 0.1759529263 -1.5657010078430176
 0.1769304425 -1.8372386693954468
 0.1779079586  1.0201940536499023
 0.1788854748 -1.9185144901275635
 0.1798629910 -0.6794542074203491
 0.1808405071  2.4273386001586914
 0.1818180233 -0.6014901995658875
 0.1827955395  0.7127228975296021
 0.1837730557  2.5033540725708008
 0.1847505718 -1.5505361557006836
 0.1857280880 -0.3809668123722076
 0.1867056042  0.7621497511863708
 0.1876831204 -2.8487238883972168
 0.1886606365 -0.3557572364807129
 0.1896381527  1.2033364772796631
 0.1906156689 -1.5758960247039795
 0.1915931851  1.5503821372985840
 0.1925707012  2.1771426200866699
 0.1935482174 -1.2065579891204834
 0.1945257336  1.3009545803070068
 0.1955032498  0.5842409729957581
 0.1964807659 -2.7886881828308105
 0.1974582821  0.2790752053260803
 0.1984357983 -0.2444023191928864
 0.1994133145 -2.2820937633514404
 0.2003908306  1.7581279277801514
 0.2013683468  1.0217356681823730
 0.2023458630 -0.8086560368537903
 0.2033233792  2.5789208412170410
 0.2043008953  0.3584603965282440
 0.2052784115 -1.8107050657272339
 0.2062559277  1.1478660106658936
 0.2072334439 -1.3818353414535522
 0.2082109600 -2.3263428211212158
 0.2091884762  1.4663721323013306
 0.2101659924 -0.6099336147308350
 0.2111435086 -0.5149580240249634
 0.2121210247  2.9694809913635254
 0.2130985409 -0.0825062990188599
 0.2140760571 -0.3412806987762451
 0.2150535733  1.9524697065353394
 0.2160310894 -1.8868899345397949
 0.2170086056 -1.5346047878265381
 0.2179861218  0.9663513898849487
 0.2189636379 -2.1251008510589600
 0.2199411541 -0.2949779629707336
 0.2209186703  2.3470284938812256
 0.2218961865 -0.7840108275413513
 0.2228737026  1.0454533100128174
 0.2238512188  2.2939167022705078
 0.2248287350 -1.7524566650390625
 0.2258062512 -0.0833946764469147
 0.2267837673  0.5197890996932983
 0.2277612835 -2.9422941207885742
 0.2287387997  0.0076094269752502
 0.2297163159  0.9909654855728149
 0.2306938320 -1.5757021903991699
 0.2316713482  1.8853046894073486
 0.2326488644  1.8799207210540771
 0.2336263806 -1.2255643606185913
 0.2346038967  1.5343927145004272
 0.2355814129  0.2188164293766022
 0.2365589291 -2.7485959529876709
 0.2375364453  0.5231706500053406
 0.2385139614 -0.5518581867218018
 0.2394914776 -2.1127865314483643
 0.2404689938  2.0064735412597656
 0.2414465100  0.7098942399024963
 0.2424240261 -0.6308330893516541
 0.2434015423  2.7058889865875244
 0.2443790585 -0.0274401605129242
 0.2453565747 -1.6381022930145264
 0.2463340908  1.2135295867919922
 0.2473116070 -1.7183017730712891
 0.2482891232 -2.0428941249847412
 0.2492666394  1.5535957813262939
 0.2502441704 -0.8703425526618958
 0.2512216866 -0.1843514442443848
 0.2521992028  2.9668512344360352
 0.2531767190 -0.3817695379257202
 0.2541542351 -0.0634807348251343
 0.2551317513  1.8339068889617920
 0.2561092675 -2.1688275337219238
 0.2570867836 -1.2124104499816895
 0.2580642998  0.8582093119621277
 0.2590418160 -2.2854917049407959
 0.2600193322  0.0972774922847748
 0.2609968483  2.2122745513916016
 0.2619743645 -0.9183394312858582
 0.2629518807  1.3736836910247803
 0.2639293969  2.0347006320953369
 0.2649069130 -1.8998115062713623
 0.2658844292  0.2035393714904785
 0.2668619454  0.2376461625099182
 0.2678394616 -2.9758298397064209
 0.2688169777  0.3515529632568359
 0.2697944939  0.7445259094238281
 0.2707720101 -1.5176243782043457
 0.2717495263  2.1882443428039551
 0.2727270424  1.5542283058166504
 0.2737045586 -1.1878852844238281
 0.2746820748  1.7292807102203369
 0.2756595910 -0.1627898514270782
 0.2766371071 -2.6499085426330566
 0.2776146233  0.7248596549034119
 0.2785921395 -0.8647429347038269
 0.2795696557 -1.8896381855010986
 0.2805471718  2.2035653591156006
 0.2815246880  0.3983569145202637
 0.2825022042 -0.4073041677474976
 0.2834797204  2.7759058475494385
 0.2844572365 -0.4022935628890991
 0.2854347527 -1.4231656789779663
 0.2864122689  1.2233078479766846
 0.2873897851 -2.0311031341552734
 0.2883673012 -1.7230759859085083
 0.2893448174  1.5829882621765137
 0.2903223336 -1.1008534431457520
 0.2912998497  0.1703675985336304
 0.2922773659  2.9033555984497070
 0.2932548821 -0.6450800299644470
 0.2942323983  0.2299811840057373
 0.2952099144  1.6590905189514160
 0.2961874306 -2.4041247367858887
 0.2971649468 -0.8807498812675476
 0.2981424630  0.6994067430496216
 0.2991199791 -2.3938562870025635
 0.3000974953  0.4868586659431458
 0.3010750115  2.0282142162322998
 0.3020525277 -0.9999450445175171
 0.3030300438  1.6873489618301392
 0.3040075600  1.7323400974273682
 0.3049850762 -1.9895519018173218
 0.3059625924  0.4700942039489746
 0.3069401085 -0.0763273239135742
 0.3079176247 -2.9481000900268555
 0.3088951409  0.6668496131896973
 0.3098726571  0.4727598428726196
 0.3108501732 -1.4021997451782227
 0.3118276894  2.4506890773773193
 0.3128052056  1.2095711231231689
 0.3137827218 -1.0954726934432983
 0.3147602379  1.8784968852996826
 0.3157377541 -0.5503774881362915
 0.3167152703 -2.4963402748107910
 0.3176927865  0.8781190514564514
 0.3186703026 -1.1731965541839600
 0.3196478188 -1.6180973052978516
 0.3206253350  2.3447608947753906
 0.3216028512  0.0973367691040039
 0.3225803673 -0.1447848081588745
 0.3235578835  2.7862198352813721
 0.3245353997 -0.7561219930648804
 0.3255129158 -1.1736596822738647
 0.3264904320  1.1760386228561401
 0.3274679482 -2.3109273910522461
 0.3284454644 -1.3755077123641968
 0.3294229805  1.5548841953277588
 0.3304004967 -1.2934792041778564
 0.3313780129  0.5397890806198120
 0.3323555291  2.7810900211334229
 0.3333330452 -0.8653694391250610
 0.3343105614  0.5290985703468323
 0.3352880776  1.4318366050720215
 0.3362655938 -2.5869381427764893
 0.3372431099 -0.5495947599411011
 0.3382206261  0.4950264692306519
 0.3391981423 -2.4458220005035400
 0.3401756585  0.8637487292289734
 0.3411531746  1.8013126850128174
 0.3421306908 -1.0260860919952393
 0.3431082070  1.9769635200500488
 0.3440857232  1.3948023319244385
 0.3450632393 -2.0204062461853027
 0.3460407555  0.7074094414710999
 0.3470182717 -0.4134529232978821
 0.3479957879 -2.8595848083496094
 0.3489733040  0.9450783133506775
 0.3499508202  0.1848986595869064
 0.3509283364 -1.2316753864288330
 0.3519058526  2.6655917167663574
 0.3528833687  0.8557081222534180
 0.3538608849 -0.9520756602287292
 0.3548384011  1.9764142036437988
 0.3558159173 -0.9338437318801880
 0.3567934334 -2.2930402755737305
 0.3577709496  0.9786628484725952
 0.3587484658 -1.4670211076736450
 0.3597259820 -1.3048093318939209
 0.3607034981  2.4272160530090332
 0.3616810143 -0.1836796402931213
 0.3626585305  0.1491360366344452
 0.3636360466  2.7357065677642822
 0.3646135628 -1.0798799991607666
 0.3655910790 -0.8981357812881470
 0.3665685952  1.0723246335983276
 0.3675461113 -2.5497786998748779
 0.3685236275 -1.0099358558654785
 0.3695011437  1.4713464975357056
 0.3704786599 -1.4412484169006348
 0.3714561760  0.9139117598533630
 0.3724336922  2.6037416458129883
 0.3734112084 -1.0366421937942505
 0.3743887246  0.8239814043045044
 0.3753662407  1.1575001478195190
 0.3763437569 -2.7128341197967529
 0.3773212731 -0.2288370132446289
 0.3782987893  0.2517974972724915
 0.3792763054 -2.4387722015380859
 0.3802538216  1.2181645631790161
 0.3812313378  1.5392608642578125
 0.3822088540 -0.9956370592117310
 0.3831863701  2.2333099842071533
 0.3841638863  1.0308624505996704
 0.3851414025 -1.9927937984466553
 0.3861189187  0.9074169993400574
 0.3870964348 -0.7643439173698425
 0.3880739510 -2.7125697135925293
 0.3890514672  1.1791858673095703
 0.3900289834 -0.1092475205659866
 0.3910064995 -1.0099501609802246
 0.3919840157  2.8271756172180176
 0.3929615319  0.5030260682106018
 0.3939390481 -0.7628659605979919
 0.3949165642  2.0188283920288086
 0.3958940804 -1.3030616044998169
 0.3968715966 -2.0464987754821777
 0.3978491127  1.0236515998840332
 0.3988266289 -1.7367639541625977
 0.3998041451 -0.9577041268348694
 0.4007816613  2.4497027397155762
 0.4017591774 -0.4358196854591370
 0.4027366936  0.4654861092567444
 0.4037142098  2.6250157356262207
 0.4046917260 -1.3653082847595215
 0.4056692421 -0.6059637665748596
 0.4066467583  0.9143880009651184
 0.4076242745 -2.7404422760009766
 0.4086017907 -0.6362529993057251
 0.4095793068  1.3361339569091797
 0.4105568230 -1.5385551452636719
 0.4115343392  1.2826561927795410
 0.4125118554  2.3767509460449219
 0.4134893715 -1.1546213626861572
 0.4144668877  1.1047201156616211
 0.4154444039  0.8427643179893494
 0.4164219201 -2.7790012359619141
 0.4173994362  0.0716581940650940
 0.4183769524 -0.0225737094879150
 0.4193544686 -2.3717353343963623
 0.4203319848  1.5410691499710083
 0.4213095009  1.2506465911865234
 0.4222870171 -0.9092380404472351
 0.4232645333  2.4484283924102783
 0.4242420495  0.6501132249832153
 0.4252195656 -1.9087977409362793
 0.4261970818  1.0632476806640625
 0.4271745980 -1.1187884807586670
 0.4281521142 -2.5109384059906006
 0.4291296303  1.3633413314819336
 0.4301071465 -0.3998000621795654
 0.4310846627 -0.7423786520957947
 0.4320621789  2.9310302734375000
 0.4330396950  0.1614433825016022
 0.4340172112 -0.5344310402870178
 0.4349947274  2.0031819343566895
 0.4359722435 -1.6483947038650513
 0.4369497597 -1.7647107839584351
 0.4379272759  1.0120692253112793
 0.4389047921 -1.9735023975372314
 0.4398823082 -0.5855935811996460
 0.4408598244  2.4127328395843506
 0.4418373406 -0.6508325934410095
 0.4428148568  0.7948781251907349
 0.4437923729  2.4565122127532959
 0.4447698891 -1.6053366661071777
 0.4457474053 -0.3068443536758423
 0.4467249215  0.7062789201736450
 0.4477024376 -2.8773210048675537
 0.4486799538 -0.2646491825580597
 0.4496574700  1.1543726921081543
 0.4506349862 -1.5812273025512695
 0.4516125023  1.6357166767120361
 0.4525900185  2.1067745685577393
 0.4535675347 -1.2165770530700684
 0.4545450509  1.3619000911712646
 0.4555225670  0.4958368539810181
 0.4565000832 -2.7843425273895264
 0.4574775994  0.3430353403091431
 0.4584551156 -0.3193333745002747
 0.4594326317 -2.2454404830932617
 0.4604101479  1.8240581750869751
 0.4613876641  0.9451110363006592
 0.4623651803 -0.7692242860794067
 0.4633426964  2.6153810024261475
 0.4643202126  0.2624878287315369
 0.4652977288 -1.7723076343536377
 0.4662752450  1.1691401004791260
 0.4672527611 -1.4668718576431274
 0.4682302773 -2.2600336074829102
 0.4692077935  1.4932816028594971
 0.4701853096 -0.6766283512115479
 0.4711628258 -0.4359560012817383
 0.4721403420  2.9745483398437500
 0.4731178582 -0.1593750715255737
 0.4740953743 -0.2745912671089172
 0.4750728905  1.9285726547241211
 0.4760504067 -1.9604668617248535
 0.4770279229 -1.4562559127807617
 0.4780054390  0.9445295333862305
 0.4789829552 -2.1693773269653320
 0.4799604714 -0.1983204185962677
 0.4809379876  2.3185946941375732
 0.4819155037 -0.8219183683395386
 0.4828930199  1.1273756027221680
 0.4838705361  2.2342426776885986
 0.4848480523 -1.7940547466278076
 0.4858255684 -0.0111809372901917
 0.4868030846  0.4533532261848450
 0.4877806008 -2.9562647342681885
 0.4887581170  0.0949094295501709
 0.4897356331  0.9328870177268982
 0.4907131493 -1.5667603015899658
 0.4916906655  1.9635319709777832
 0.4926681817  1.8017265796661377
 0.4936456978 -1.2214837074279785
 0.4946232140  1.5863716602325439
 0.4956007302  0.1256892383098602
 0.4965782464 -2.7294807434082031
 0.4975557625  0.5773224830627441
 0.4985332787 -0.6291345357894897
 0.4995107949 -2.0624334812164307
 0.5004883409  2.0603048801422119
 0.5014658570  0.6321943402290344
 0.5024433732 -0.5794289112091064
 0.5034208894  2.7286736965179443
 0.5043984056 -0.1216892600059509
 0.5053759217 -1.5885300636291504
 0.5063534379  1.2212426662445068
 0.5073309541 -1.7983374595642090
 0.5083084702 -1.9668442010879517
 0.5092859864  1.5662814378738403
 0.5102635026 -0.9305468201637268
 0.5112410188 -0.0984047055244446
 0.5122185349  2.9567363262176514
 0.5131960511 -0.4506314396858215
 0.5141735673  0.0081161707639694
 0.5151510835  1.7957806587219238
 0.5161285996 -2.2316293716430664
 0.5171061158 -1.1308732032775879
 0.5180836320  0.8234678506851196
 0.5190611482 -2.3173186779022217
 0.5200386643  0.1943989098072052
 0.5210161805  2.1710412502288818
 0.5219936967 -0.9435967803001404
 0.5229712129  1.4531233310699463
 0.5239487290  1.9635798931121826
 0.5249262452 -1.9274512529373169
 0.5259037614  0.2717165350914001
 0.5268812776  0.1626238822937012
 0.5278587937 -2.9746785163879395
 0.5288363099  0.4325172305107117
 0.5298138261  0.6792116165161133
 0.5307913423 -1.4943299293518066
 0.5317688584  2.2573084831237793
 0.5327463746  1.4702473878860474
 0.5337238908 -1.1699675321578979
 0.5347014070  1.7706903219223022
 0.5356789231 -0.2584901452064514
 0.5366564393 -2.6168613433837891
 0.5376339555  0.7674659490585327
 0.5386114717 -0.9418106675148010
 0.5395889878 -1.8266816139221191
 0.5405665040  2.2438552379608154
 0.5415440202  0.3224347829818726
 0.5425215364 -0.3456333875656128
 0.5434990525  2.7841038703918457
 0.5444765687 -0.4921449720859528
 0.5454540849 -1.3643443584442139
 0.5464316010  1.2169389724731445
 0.5474091172 -2.1037116050720215
 0.5483866334 -1.6393467187881470
 0.5493641496  1.5813182592391968
 0.5503416657 -1.1523880958557129
 0.5513191819  0.2608678340911865
 0.5522966981  2.8784239292144775
 0.5532742143 -0.7038905620574951
 0.5542517304  0.3038145005702972
 0.5552292466  1.6075711250305176
 0.5562067628 -2.4544410705566406
 0.5571842790 -0.7983977198600769
 0.5581617951  0.6528787612915039
 0.5591393113 -2.4121220111846924
 0.5601168275  0.5817730426788330
 0.5610943437  1.9757232666015625
 0.5620718598 -1.0116602182388306
 0.5630493760  1.7616851329803467
 0.5640268922  1.6518006324768066
 0.5650044084 -2.0026817321777344
 0.5659819245  0.5318431854248047
 0.5669594407 -0.1579246520996094
 0.5679369569 -2.9318153858184814
 0.5689144731  0.7394884228706360
 0.5698919892  0.4025657773017883
 0.5708695054 -1.3649818897247314
 0.5718470216  2.5085957050323486
 0.5728245378  1.1224011182785034
 0.5738020539 -1.0645672082901001
 0.5747795701  1.9076932668685913
 0.5757570863 -0.6460110545158386
 0.5767346025 -2.4504518508911133
 0.5777121186  0.9080281257629395
 0.5786896348 -1.2477097511291504
 0.5796671510 -1.5441237688064575
 0.5806446671  2.3707082271575928
 0.5816221833  0.0254952907562256
 0.5825996995 -0.0745959281921387
 0.5835772157  2.7793860435485840
 0.5845547318 -0.8393579721450806
 0.5855322480 -1.1075667142868042
 0.5865097642  1.1555844545364380
 0.5874872804 -2.3741037845611572
 0.5884647965 -1.2862670421600342
 0.5894423127  1.5392286777496338
 0.5904198289 -1.3345036506652832
 0.5913973451  0.6323991417884827
 0.5923748612  2.7421216964721680
 0.5933523774 -0.9124863743782043
 0.5943298936  0.6028171777725220
 0.5953074098  1.3681015968322754
 0.5962849259 -2.6235055923461914
 0.5972624421 -0.4689210653305054
 0.5982399583  0.4381143450737000
 0.5992174745 -2.4496541023254395
 0.6001949906  0.9539870023727417
 0.6011725068  1.7393546104431152
 0.6021500230 -1.0238306522369385
 0.6031275392  2.0437924861907959
 0.6041050553  1.3068749904632568
 0.6050825715 -2.0189676284790039
 0.6060600877  0.7606410384178162
 0.6070376039 -0.4993321001529694
 0.6080151200 -2.8285062313079834
 0.6089926362  1.0074052810668945
 0.6099701524  0.1122214421629906
 0.6109476686 -1.1813490390777588
 0.6119251847  2.7107672691345215
 0.6129027009  0.7679755091667175
 0.6138802171 -0.9092963933944702
 0.6148577332  1.9922118186950684
 0.6158352494 -1.0268855094909668
 0.6168127656 -2.2358164787292480
 0.6177902818  0.9950478076934814
 0.6187677979 -1.5364401340484619
 0.6197453141 -1.2216782569885254
 0.6207228303  2.4383587837219238
 0.6217003465 -0.2491493225097656
 0.6226778626  0.2256453931331635
 0.6236553788  2.7138526439666748
 0.6246328950 -1.1543638706207275
 0.6256104112 -0.8270300030708313
 0.6265879273  1.0381866693496704
 0.6275654435 -2.6017341613769531
 0.6285429597 -0.9177423119544983
 0.6295204759  1.4424896240234375
 0.6304979920 -1.4702641963958740
 0.6314755082  1.0061136484146118
 0.6324530244  2.5519838333129883
 0.6334305406 -1.0709211826324463
 0.6344080567  0.8951135873794556
 0.6353855729  1.0831196308135986
 0.6363630891 -2.7348604202270508
 0.6373406053 -0.1521615386009216
 0.6383181214  0.1864038109779358
 0.6392956376 -2.4277684688568115
 0.6402731538  1.3013939857482910
 0.6412506700  1.4699062108993530
 0.6422281861 -0.9794138073921204
 0.6432057023  2.2906508445739746
 0.6441832185  0.9378616213798523
 0.6451607347 -1.9771580696105957
 0.6461382508  0.9504483342170715
 0.6471157670 -0.8521926403045654
 0.6480932832 -2.6675367355346680
 0.6490707994  1.2296280860900879
 0.6500483155 -0.1819374263286591
 0.6510258317 -0.9477249383926392
 0.6520033479  2.8583650588989258
 0.6529808640  0.4171144068241119
 0.6539583802 -0.7097226977348328
 0.6549358964  2.0204353332519531
 0.6559134126 -1.3912761211395264
 0.6568909287 -1.9796589612960815
 0.6578684449  1.0260570049285889
 0.6588459611 -1.7988088130950928
 0.6598234773 -0.8675411939620972
 0.6608009934  2.4460215568542480
 0.6617785096 -0.4927369356155396
 0.6627560258  0.5461266040802002
 0.6637335420  2.5885775089263916
 0.6647110581 -1.4291346073150635
 0.6656885743 -0.5320020914077759
 0.6666660905  0.8673357963562012
 0.6676436067 -2.7795495986938477
 0.6686211228 -0.5436248183250427
 0.6695986390  1.2952108383178711
 0.6705761552 -1.5543376207351685
 0.6715536714  1.3718211650848389
 0.6725311875  2.3136854171752930
 0.6735087037 -1.1752319335937500
 0.6744862199  1.1708638668060303
 0.6754637361  0.7595179080963135
 0.6764412522 -2.7859859466552734
 0.6774187684  0.1419234871864319
 0.6783962846 -0.0943616032600403
 0.6793738008 -2.3459239006042480
 0.6803513169  1.6150703430175781
 0.6813288331  1.1762813329696655
 0.6823063493 -0.8794685006141663
 0.6832838655  2.4944455623626709
 0.6842613816  0.5544940233230591
 0.6852388978 -1.8796870708465576
 0.6862164140  1.0943247079849243
 0.6871939301 -1.2059752941131592
 0.6881714463 -2.4531550407409668
 0.6891489625  1.4006980657577515
 0.6901264787 -0.4699131250381470
 0.6911039948 -0.6699131727218628
 0.6920815110  2.9474782943725586
 0.6930590272  0.0797935128211975
 0.6940365434 -0.4727616906166077
 0.6950140595  1.9901977777481079
 0.6959915757 -1.7291209697723389
 0.6969690919 -1.6904444694519043
 0.6979466081  1.0004916191101074
 0.6989241242 -2.0261356830596924
 0.6999016404 -0.4908326566219330
 0.7008791566  2.3946499824523926
 0.7018566728 -0.6974778771400452
 0.7028341889  0.8772225379943848
 0.7038117051  2.4063465595245361
 0.7047892213 -1.6570420265197754
 0.7057667375 -0.2328785806894302
 0.7067442536  0.6475795507431030
 0.7077217698 -2.9023993015289307
 0.7086992860 -0.1741046905517578
 0.7096768022  1.1030108928680420
 0.7106543183 -1.5830216407775879
 0.7116318345  1.7195158004760742
 0.7126093507  2.0342555046081543
 0.7135868669 -1.2231051921844482
 0.7145643830  1.4208920001983643
 0.7155418992  0.4059425890445709
 0.7165194154 -2.7762970924377441
 0.7174969316  0.4048026204109192
 0.7184744477 -0.3952262699604034
 0.7194519639 -2.2053179740905762
 0.7204294801  1.8870750665664673
 0.7214069963  0.8680487871170044
 0.7223845124 -0.7267466187477112
 0.7233620286  2.6485707759857178
 0.7243395448  0.1666543483734131
 0.7253170609 -1.7309525012969971
 0.7262945771  1.1872254610061646
 0.7272720933 -1.5507729053497314
 0.7282496095 -2.1911644935607910
 0.7292271256  1.5167001485824585
 0.7302046418 -0.7418920993804932
 0.7311821580 -0.3550586104393005
 0.7321596742  2.9758574962615967
 0.7331371903 -0.2344607114791870
 0.7341147065 -0.2062433958053589
 0.7350922227  1.9010355472564697
 0.7360697389 -2.0317971706390381
 0.7370472550 -1.3769791126251221
 0.7380247712  0.9194412827491760
 0.7390022874 -2.2106587886810303
 0.7399798036 -0.1013304144144058
 0.7409573197  2.2869060039520264
 0.7419348359 -0.8567858934402466
 0.7429123521  1.2089307308197021
 0.7438898683  2.1714193820953369
 0.7448673844 -1.8323978185653687
 0.7458449006  0.0605706572532654
 0.7468224168  0.3846741914749146
 0.7477999330 -2.9665112495422363
 0.7487774491  0.1808135509490967
 0.7497549653  0.8728482723236084
 0.7507324815 -1.5542402267456055
 0.7517099977  2.0396676063537598
 0.7526875138  1.7218704223632812
 0.7536650300 -1.2138929367065430
 0.7546425462  1.6361389160156250
 0.7556200624  0.0313674509525299
 0.7565975785 -2.7068731784820557
 0.7575750947  0.6286936402320862
 0.7585526109 -0.7065867185592651
 0.7595301270 -2.0088551044464111
 0.7605076432  2.1106812953948975
 0.7614851594  0.5551414489746094
 0.7624626756 -0.5256199836730957
 0.7634401917  2.7478973865509033
 0.7644177079 -0.2149438858032227
 0.7653952241 -1.5365614891052246
 0.7663727403  1.2254765033721924
 0.7673502564 -1.8766566514968872
 0.7683277726 -1.8887121677398682
 0.7693052888  1.5753753185272217
 0.7702828050 -0.9885375499725342
 0.7712603211 -0.0114395618438721
 0.7722378373  2.9429798126220703
 0.7732153535 -0.5170691013336182
 0.7741928697  0.0804315954446793
 0.7751703858  1.7542822360992432
 0.7761479020 -2.2914443016052246
 0.7771254182 -1.0489053726196289
 0.7781029344  0.7856942415237427
 0.7790804505 -2.3459067344665527
 0.7800579667  0.2908146977424622
 0.7810354829  2.1270787715911865
 0.7820129991 -0.9654738306999207
 0.7829905152  1.5314006805419922
 0.7839680314  1.8900030851364136
 0.7849455476 -1.9515002965927124
 0.7859230638  0.3385355472564697
 0.7869005799  0.0857892036437988
 0.7878780961 -2.9697790145874023
 0.7888556123  0.5116028785705566
 0.7898331285  0.6128138303756714
 0.7908106446 -1.4676368236541748
 0.7917881608  2.3235030174255371
 0.7927656770  1.3853733539581299
 0.7937431931 -1.1487884521484375
 0.7947207093  1.8091943264007568
 0.7956982255 -0.3543823659420013
 0.7966757417 -2.5805017948150635
 0.7976532578  0.8070284724235535
 0.7986307740 -1.0184769630432129
 0.7996082902 -1.7610635757446289
 0.8005858064  2.2805709838867188
 0.8015633225  0.2476348876953125
 0.8025408387 -0.2817645668983459
 0.8035183549  2.7886073589324951
 0.8044958711 -0.5805275440216064
 0.8054733872 -1.3035390377044678
 0.8064509034  1.2070617675781250
 0.8074284196 -2.1741738319396973
 0.8084059358 -1.5540797710418701
 0.8093834519  1.5761845111846924
 0.8103609681 -1.2012674808502197
 0.8113384843  0.3517738580703735
 0.8123160005  2.8499736785888672
 0.8132935166 -0.7598690390586853
 0.8142710328  0.3778778612613678
 0.8152485490  1.5529384613037109
 0.8162260652 -2.5014297962188721
 0.8172035813 -0.7162327766418457
 0.8181810975  0.6036526560783386
 0.8191586137 -2.4267721176147461
 0.8201361299  0.6754052639007568
 0.8211136460  1.9207901954650879
 0.8220911622 -1.0199426412582397
 0.8230686784  1.8342916965484619
 0.8240461946  1.5692539215087891
 0.8250237107 -2.0121662616729736
 0.8260012269  0.5916954874992371
 0.8269787431 -0.2407861649990082
 0.8279562593 -2.9118256568908691
 0.8289337754  0.8094931840896606
 0.8299112916  0.3318885564804077
 0.8308888078 -1.3244708776473999
 0.8318663239  2.5634126663208008
 0.8328438401  1.0349653959274292
 0.8338213563 -1.0305917263031006
 0.8347988725  1.9336862564086914
 0.8357763886 -0.7412102222442627
 0.8367539048 -2.4015922546386719
 0.8377314210  0.9346469044685364
 0.8387089372 -1.3208640813827515
 0.8396864533 -1.4679651260375977
 0.8406639695  2.3930153846740723
 0.8416414857 -0.0448655486106873
 0.8426190019 -0.0027161240577698
 0.8435965180  2.7688231468200684
 0.8445740342 -0.9205455183982849
 0.8455515504 -1.0400025844573975
 0.8465290666  1.1317017078399658
 0.8475065827 -2.4346489906311035
 0.8484840989 -1.1964403390884399
 0.8494616151  1.5203213691711426
 0.8504391313 -1.3726499080657959
 0.8514166474  0.7250318527221680
 0.8523941636  2.6999073028564453
 0.8533716798 -0.9565268754959106
 0.8543491960  0.6761245727539062
 0.8553267121  1.3015906810760498
 0.8563042283 -2.6565203666687012
 0.8572817445 -0.3890393972396851
 0.8582592607  0.3791892528533936
 0.8592367768 -2.4498198032379150
 0.8602142930  1.0425608158111572
 0.8611918092  1.6754343509674072
 0.8621693254 -1.0180987119674683
 0.8631468415  2.1084542274475098
 0.8641243577  1.2174708843231201
 0.8651018739 -2.0139667987823486
 0.8660793900  0.8114726543426514
 0.8670569062 -0.5858775377273560
 0.8680344224 -2.7940239906311035
 0.8690119386  1.0667016506195068
 0.8699894547  0.0394011363387108
 0.8709669709 -1.1280372142791748
 0.8719444871  2.7525253295898438
 0.8729220033  0.6804733276367188
 0.8738995194 -0.8638115525245667
 0.8748770356  2.0045421123504639
 0.8758545518 -1.1189029216766357
 0.8768320680 -2.1760594844818115
 0.8778095841  1.0079540014266968
 0.8787871003 -1.6039673089981079
 0.8797646165 -1.1367192268371582
 0.8807421327  2.4458062648773193
 0.8817196488 -0.3126248717308044
 0.8826971650  0.3033998608589172
 0.8836746812  2.6883656978607178
 0.8846521974 -1.2263374328613281
 0.8856297135 -0.7550648450851440
 0.8866072297  1.0007779598236084
 0.8875847459 -2.6504311561584473
 0.8885622621 -0.8255713582038879
 0.8895397782  1.4105160236358643
 0.8905172944 -1.4960658550262451
 0.8914948106  1.0976941585540771
 0.8924723268  2.4972720146179199
 0.8934498429 -1.1018636226654053
 0.8944273591  0.9652596712112427
 0.8954048753  1.0064277648925781
 0.8963823915 -2.7531385421752930
 0.8973599076 -0.0771937370300293
 0.8983374238  0.1195415258407593
 0.8993149400 -2.4130854606628418
 0.9002924562  1.3824515342712402
 0.9012699723  1.3991265296936035
 0.9022474885 -0.9597871899604797
 0.9032250047  2.3453583717346191
 0.9042025208  0.8440073728561401
 0.9051800370 -1.9580862522125244
 0.9061575532  0.9904058575630188
 0.9071350694 -0.9397363066673279
 0.9081125855 -2.6194095611572266
 0.9090901017  1.2768856287002563
 0.9100676179 -0.2541263401508331
 0.9110451341 -0.8828629255294800
 0.9120226502  2.8859682083129883
 0.9130001664  0.3320564925670624
 0.9139776826 -0.6542740464210510
 0.9149551988  2.0184726715087891
 0.9159327149 -1.4774101972579956
 0.9169102311 -1.9110839366912842
 0.9178877473  1.0249965190887451
 0.9188652635 -1.8586347103118896
 0.9198427796 -0.7760899066925049
 0.9208202958  2.4387381076812744
 0.9217978120 -0.5472715497016907
 0.9227753282  0.6274182200431824
 0.9237528443  2.5487008094787598
 0.9247303605 -1.4900634288787842
 0.9257078767 -0.4582482278347015
 0.9266853929  0.8174810409545898
 0.9276629090 -2.8151280879974365
 0.9286404252 -0.4514205157756805
 0.9296179414  1.2515766620635986
 0.9305954576 -1.5666946172714233
 0.9315729737  1.4596500396728516
 0.9325504899  2.2482881546020508
 0.9335280061 -1.1924047470092773
 0.9345055223  1.2356342077255249
 0.9354830384  0.6745815277099609
 0.9364605546 -2.7892215251922607
 0.9374380708  0.2101727724075317
 0.9384155869 -0.1672879159450531
 0.9393931031 -2.3165559768676758
 0.9403706193  1.6864862442016602
 0.9413481355  1.1010000705718994
 0.9423256516 -0.8464621305465698
 0.9433031678  2.5374169349670410
 0.9442806840  0.4586155414581299
 0.9452582002 -1.8476154804229736
 0.9462357163  1.1221156120300293
 0.9472132325 -1.2922375202178955
 0.9481907487 -2.3927021026611328
 0.9491682649  1.4345476627349854
 0.9501457810 -0.5388438701629639
 0.9511232972 -0.5953902602195740
 0.9521008134  2.9601716995239258
 0.9530783296 -0.0006472468376160
 0.9540558457 -0.4090799093246460
 0.9550333619  1.9736008644104004
 0.9560108781 -1.8075878620147705
 0.9569883943 -1.6148022413253784
 0.9579659104  0.9855121374130249
 0.9589434266 -2.0760550498962402
 0.9599209428 -0.3953177630901337
 0.9608984590  2.3730845451354980
 0.9618759751 -0.7413483262062073
 0.9628534913  0.9596115350723267
 0.9638310075  2.3529815673828125
 0.9648085237 -1.7053744792938232
 0.9657860398 -0.1596238166093826
 0.9667635560  0.5864720940589905
 0.9677410722 -2.9237735271453857
 0.9687185884 -0.0848058462142944
 0.9696961045  1.0494525432586670
 0.9706736207 -1.5812978744506836
 0.9716511369  1.8013949394226074
 0.9726286530  1.9595041275024414
 0.9736061692 -1.2260972261428833
 0.9745836854  1.4776914119720459
 0.9755612016  0.3149004876613617
 0.9765387177 -2.7646079063415527
 0.9775162339  0.4640881419181824
 0.9784937501 -0.4716448187828064
 0.9794712663 -2.1617703437805176
 0.9804487824  1.9471240043640137
 0.9814262986  0.7906630039215088
 0.9824038148 -0.6813019514083862
 0.9833813310  2.6784121990203857
 0.9843588471  0.0715795457363129
 0.9853363633 -1.6870064735412598
 0.9863138795  1.2018384933471680
 0.9872913957 -1.6332875490188599
 0.9882689118 -2.1200060844421387
 0.9892464280  1.5365819931030273
 0.9902239442 -0.8053871989250183
 0.9912014604 -0.2726114392280579
 0.9921789765  2.9733781814575195
 0.9931564927 -0.3077865839004517
 0.9941340089 -0.1368433833122253
 0.9951115251  1.8700360059738159
 0.9960890412 -2.1002848148345947
 0.9970665574 -1.2967984676361084
 0.9980440736  0.8911109566688538
 0.9990215898 -2.2489185333251953
 0.9999991059 -0.0041783587075770
